0.6333333333333333
0.6122448979591837
0.5833333333333334
0.6352941176470588
0.68
0.6842105263157895
0.6666666666666666
0.6556291390728477
0.6627218934911243
0.6451612903225806
0.655
0.6635514018691588
0.6581196581196581
0.6516393442622951
0.6526717557251909
0.6549295774647887
0.6633333333333333
0.6614420062695925
0.6595744680851063
0.6657060518731989
0.6712707182320442
0.6770833333333334
0.6724565756823822
0.6690821256038647
0.6682134570765661
0.6666666666666666
0.6644736842105263
0.6666666666666666
0.664
0.6698473282442748
0.6642066420664207
0.6649029982363316
0.6626916524701874
0.6622950819672131
0.6613672496025437
0.6635802469135802
0.6686656671664168
0.6739130434782609
0.6728045325779037
0.674863387978142
0.6786188579017264
0.6770833333333334
0.676923076923077
0.6774595267745953
0.6792223572296476
0.6819787985865724
0.6853546910755148
0.6898454746136865
0.6939655172413793
0.6992715920915713
0.7032193158953722
0.7064579256360078
0.706831119544592
0.7052826691380908
0.7054545454545454
0.7070347284060552
0.7101827676240209
0.7105485232067511
0.7092257001647446
0.7130295763389288
0.7177672955974843
0.7208943716268311
0.7222641509433962
0.7250554323725056
0.7264770240700219
0.7285100286532952
0.7291960507757405
0.7288488210818308
0.7300068352699932
0.7292929292929293
0.7278145695364239
0.7271548930654569
0.7311350665821179
0.7322540473225405
0.7331701346389229
0.7330126277811184
0.7344766410408042
0.7351571594877765
0.7369327972429638
0.7363325740318907
0.7409470752089137
0.743421052631579
0.7433676231727125
0.7429030530262453
0.7447145877378436
0.7448926139339969
0.7444386963269529
0.7433401639344263
0.7424089068825911
0.7421131697546319
0.7434373452204062
0.7448680351906158
0.7421383647798742
0.7443967572722937
0.7450424929178471
0.7464003715745472
0.7472477064220183
0.746255106672719
0.7460674157303371
0.7457702582368655
0.7449249779346867
0.7463075586446568
0.7459297343616109
0.7464135021097047
0.7465437788018433
0.7470978441127695
0.7468198604842019
0.7444037444037443
0.7467039552536956
0.7480283911671924
0.7504850601474583
0.7520184544405998
0.753892897835169
0.754524886877828
0.7537425149700598
0.7550944794368285
0.756052824651504
0.755885548714234
0.7548526240115025
0.7556657223796034
0.755781359495445
0.7577747062888736
0.7579705176551251
0.7597972972972973
0.759825327510917
0.7603195739014648
0.7598814229249012
0.760586319218241
0.7606451612903226
0.7616316124920331
0.7617248977022348
0.7619196011218448
0.7633117882425362
0.763914373088685
0.7641881638846737
0.7663076002393776
0.7653846153846153
0.7670471173544045
0.7689635205558772
0.7694516221648005
0.7693842645381984
0.7693178601754882
0.7702211027148055
0.7704690535664724
0.7712004405286343
0.7732970027247956
0.7736714324251416
0.7748132337246532
0.7757527733755943
0.7769028871391076
0.7787886664933714
0.779722079258878
0.780979092299847
0.7820933165195461
0.7825
0.7835765520652981
0.7854518736223365
0.7866795366795367
0.7867752755150934
0.7886025065027193
0.7894983591186123
0.7906438165817508
0.7921064708581919
0.7932999088422972
0.7949640287769785
0.7957589285714286
0.7963660536228673
0.7970221151740748
0.7972088966419538
0.7970543643058263
0.798286937901499
0.7995753715498939
0.8016753926701571
0.8023740108288213
0.8044819078947368
0.8063337393422655
0.8076381909547738
0.8088205946916783
0.8091269841269841
0.8105180224542052
0.8111806098514465
0.811687051058047
0.8129094412331407
0.8140424717811364
0.8158442049536775
0.8162192603716913
0.817590182223875
0.8190528837295007
0.8199926900584795
0.8208846990572879
0.8210868387795631
0.8219914040114613
0.8226697558367493
0.8232682060390764
0.8237162519851774
0.8249606161386311
0.8258758237946583
0.8263793103448276
0.8269296740994854
0.8263983628922238
0.8269361413043478
0.8273648648648648
0.8280383257690368
0.8298120113125936
0.8307463672391017
0.8310090237899918
0.831319399085565
0.8316831683168316
0.8319883795997418
0.83328
0.8343918704350588
0.8351164254247955
0.8351063829787234
0.8350675570740799
0.8357495373226403
0.8363747891427695
0.8368653758194847
0.8373082181376272
0.8376378190605649
0.838125187181791
0.8388682055100521
0.8395317824862942
0.8400059092923622
0.8401470588235294
0.8402107111501317
0.8405310767435075
0.8410442349528644
0.8403749098774334
0.8409123511691292
0.841324200913242
0.8414703377803009
0.8412114350410416
0.8416162184992256
0.8420389301218317
0.8419363839285714
0.8426311407160699
0.8431237042156186
0.843608403130578
0.844283567818604
0.8441487917458593
0.8446601941747572
0.8452971957600967
0.8459895902842653
0.846450412124435
0.8466314398943197
0.8471052631578947
0.8479509266510049
0.8487950246177767
0.8492779783393501
0.849717659137577
0.8504148053605616
0.8508638211382114
0.8511392405063292
0.8513343403826787
0.8514342978830014
0.8515517886077527
0.8522094318603788
0.8523721503388786
0.8529339553154923
0.8534377293858576
0.8538601823708206
0.8545520493289808
0.8551160274137309
0.8557922450933461
0.8561912691804449
0.8565176247929974
0.8566713814238567
0.8566729323308271
0.8572096830780026
0.8577586206896551
0.8580712544969247
0.8589048991354467
0.8594179651695693
0.859876965140123
0.8602357742008615
0.8606122218457021
0.8608235823582359
0.8612295265873906
0.8617568171658471
0.8618230443503454
0.8625
0.8631961259079903
0.8636562911003945
0.8636512261580381
0.8645077439618759
0.8651117798796216
0.8654977012723191
0.8659366361896662
0.8659957627118644
0.8663502109704642
0.8667297780582729
0.8671768529195932
0.8676194450239934
0.8680873180873181
0.8685572345270131
0.8687848153497009
0.8690965092402464
0.8694629156010231
0.8701179820992677
0.8704999492952034
0.8706966383151074
0.8711693548387097
0.8711946146890385
0.8719152762513738
0.8723383084577114
0.8726424459003375
0.8730080174205681
0.8732366577883003
0.8733143025888375
0.873704789833822
0.8741721854304636
0.8745512758319589
0.8749153526168134
0.875
0.8756128039988464
0.8758376412023741
0.8762758752265573
0.8767578867350817
0.8769784854516159
0.8772791686348607
0.8775683317624883
0.8779457327950427
0.8782657552205263
0.8786521049192569
0.879041248606466
0.8791076552809405
0.8795946568401658
0.8798346348185576
0.8802307480999908
0.8804238604183795
0.8806554392353209
0.8812607553663617
0.8815456843625857
0.8818018018018018
0.8823423908169671
0.882799250200839
0.8830810329474622
0.8834072759538598
0.8837517680339463
0.8842262690243687
0.8841902088085629
0.8845952089526141
0.8847998604691724
0.8851633078526755
0.8854473092230489
0.8856428817649087
0.8857658586900464
0.8861377655928718
0.8863093205872311
0.8865145581474545
0.8868036684782609
0.8868403247631935
0.886808367071525
0.8868542629147417
0.8871764804422481
0.8874122367101304
0.8876760269977502
0.8876441789063149
0.8880165289256199
0.8881660215762167
0.8882323978335795
0.8884980366492147
0.888608007828427
0.888816592110614
0.8891951041582232
0.8895174977774186
0.889810712847362
0.8903230978914455
0.8906200063918185
0.8908815558743822
0.8911661900222434
0.8916423328861179
0.8919918187539333
0.8921953517587939
0.8923896857120464
0.892653602935436
0.8929071395240318
0.8932806324110671
0.8934952432516049
0.8938155459592844
0.8940244558947935
0.8943214039389992
0.894563804572215
0.8947007243614182
0.8949369013227916
0.8952077646345162
0.8952978530390082
0.895367231638418
0.8955953096812989
0.8958286527372126
0.8961019601997466
0.8964184871451925
0.8966207203201423
0.896725068381755
0.8970523212969786
0.8973662974103147
0.8975727445532973
0.8978819419171701
0.8980910212673296
0.8984007525870179
0.8987396471011884
0.8988651055882776
0.8989624329159213
0.8991218676376098
0.899215965787598
0.8993384079106495
0.8996106194690265
0.8997741389045737
0.8998803069773992
0.899978913333802
0.900105152471083
0.9004332029066517
0.9005925409550366
0.9007368274711525
0.9010120615555247
0.9012721238938053
0.9015104489964825
0.9016415962634796
0.9018236665295489
0.901921893167362
0.9022561515915752
0.9025285481239804
0.9027400976668475
0.9027805967119952
0.9030626011872639
0.903249680414452
0.9035028855187223
0.9035475234270415
0.9037601015160622
0.9039973351099267
0.9042715737726699
0.9044873069530059
0.9046013486711623
0.9047273686292608
0.9049592212575638
0.9052362540140245
0.9052872062663185
0.905401003322692
0.9053069719042663
0.9055036344755971
0.9056652638394302
0.9056518656956886
0.9058520900321544
0.9061198333867351
0.9061161884067234
0.9062679334311038
0.9060372797251733
0.9062579334856563
0.9064142341543722
0.9065379275526947
0.9064861460957179
0.9066390041493776
0.9069082246740221
0.9072106973256686
0.9072781655034895
0.90741662518666
0.9076073467361628
0.9076894502228826
0.9077340569877883
0.9078939272749647
0.9079845104185875
0.9082608162765045
0.9084739545121057
0.9086585365853659
0.9088533754633287
0.9089310616625235
0.90899739819689
0.9092609351432881
0.9093701071901722
0.9093967796202835
0.9093526906233127
0.9092868690497575
0.9094979404214674
0.9094748111580325
0.9095226786986464
0.9097263357422106
0.9098380040203382
0.9099705014749263
0.9102088849661665
0.9103444229302353
