9.459817617084052
9.664124764341347
8.370310589382555
10.625894942061217
10.657022969973273
10.556116957899388
10.553071984472414
11.016331383485065
11.026264324836049
10.932872219537005
10.870304055626686
10.705013847962208
10.844540530682632
10.505997373977761
10.445414200167749
10.543821008954119
10.426875911997042
10.69056425896239
10.621297442422838
10.77750131770991
10.848149814505755
11.03854700643936
11.156199681242468
10.992580940173454
11.025485250278509
10.828829863325073
10.7512021023269
10.820283338976397
11.002610497257608
11.346029154451482
11.358009417065775
11.498632276112849
11.471243548104642
11.447152189168174
11.486914359737739
11.496745517027103
11.57144210966305
11.695839147432272
11.651238851028893
11.774098880488355
11.816818040231572
11.823112731327331
11.766299051003264
11.780348176034959
11.85452756506557
11.944618256688091
11.980175600663177
12.268567055460085
12.280030921627542
12.481532007576634
12.743324335605003
12.89296570396892
13.075010081770381
13.082119919267031
13.116001541639584
13.168505374572929
13.243585300680472
13.35115691749887
13.349387897188942
13.54918984274123
13.619923440352888
13.72411003902919
13.803855613130825
13.960135834925438
14.039366138271877
14.130070496808955
14.124692362472619
14.15834269194667
14.181849471107526
14.211209023228196
14.258597435635114
14.306459834801155
14.440077629150531
14.481767248395503
14.617327771886874
14.73562602245561
14.834898026561358
14.862468182703408
14.912782225013228
14.838870225186476
14.98666399820553
15.031960813243948
15.010912209756212
15.03633059009067
15.144107308001429
15.107888751476029
15.09886956177091
15.038252040429926
15.018664442615249
15.002447822517267
14.996306542525941
15.04207117707845
14.9998744604491
15.042820276573092
15.014995911152214
15.133906004719487
15.180629796940927
15.18002547768598
15.16826041730241
15.150270523161819
15.133452621914252
15.239927803743974
15.30359694009033
15.382515294979994
15.338488301424567
15.35267830669826
15.365824758231994
15.317442556611262
15.447565315569879
15.487821226117275
15.56437834456786
15.575100952249965
15.602844145418624
15.608054248245491
15.596335064037858
15.61335113639008
15.633951021373107
15.728919089726078
15.708241406703289
15.788519193422614
15.839120053375646
15.931739303277821
15.920634058323841
16.00922824202153
15.963621573123392
15.962412447185159
16.013517541397356
16.043698942285562
16.096916098972436
16.17929869685867
16.208344062440457
16.227330720812223
16.302848043383687
16.275700282572995
16.29798222072444
16.419766115260092
16.47552648740123
16.542131457610523
16.59675804117851
16.60158059520697
16.597472438301693
16.621414989346807
16.703762874054593
16.707349980175444
16.730794299887698
16.801846634684253
16.866262930533928
16.922016584579584
16.987763680277144
16.98484231521379
17.017374771427104
17.099664262247458
17.156952401201565
17.234011816213524
17.236871660026345
17.27973332473304
17.356811571791628
17.47110701605982
17.483699530892537
17.61661519378759
17.639485290707075
17.72567907273273
17.73824000729371
17.7420981528459
17.889010232015913
17.884994000315025
17.901891618169174
18.010896494400633
17.97568060978045
17.9639829542775
18.059322112447404
18.111740761339615
18.244403928829826
18.24119553636444
18.392012110587835
18.519877274434084
18.60123479451199
18.642191471933174
18.647878721381915
18.687337486174393
18.717823849067965
18.733936439280633
18.78172259421985
18.857050148241605
18.984108280468988
18.99737579923578
19.09500123183968
19.17272358802322
19.242069999224004
19.29948924154648
19.285193253407545
19.344312608030435
19.325490897854937
19.31227705818297
19.32664874856834
19.39364433678122
19.477167956832986
19.497306014786222
19.502502688610686
19.514643149428615
19.48714096192487
19.497496988246414
19.51493340188277
19.648755081669613
19.69904228118068
19.72166666556681
19.71980180093547
19.74612110813295
19.764575282292363
19.855385993201423
19.931322548358224
20.02018138787924
20.039649612176103
20.050844510579687
20.084006594450234
20.091158287689648
20.111480522803674
20.11589815095228
20.11374819948765
20.22217869481815
20.24544003530861
20.255383046987852
20.237155354511493
20.246308597989973
20.252955971002503
20.21847470576093
20.24832577219152
20.241203307136498
20.262972381726897
20.28423654173319
20.302155803324204
20.264481166849393
20.287138284987012
20.317787178593075
20.306202727644965
20.32701699251312
20.327925257018872
20.37313936043256
20.40023109758271
20.44453404673341
20.483434492512075
20.520076591696686
20.539854837769532
20.514687769411108
20.54637449131486
20.5581654892449
20.649497719249755
20.703254323063607
20.732432555849027
20.761973067789032
20.784281345075886
20.809741768562326
20.785802405140558
20.79299359391971
20.81430017806304
20.834457757088316
20.91197580041212
20.899073720782017
20.9068079891208
20.899868914142672
20.944079765044545
20.97912371503758
21.002868866253813
21.04468889278976
21.08910129094293
21.110446281208027
21.100842708001878
21.079963902262293
21.09085023426591
21.10535205610623
21.10301696195902
21.160289096560376
21.226220806678818
21.281944765965044
21.3395744629933
21.343572307709316
21.339545177486684
21.310169450337305
21.333053170841087
21.330048450485684
21.405166114419398
21.446073219720173
21.456003024494994
21.47531040296046
21.57420097851236
21.67375981888975
21.71082086150083
21.765068444759336
21.782195522936576
21.798786879542135
21.780424545664467
21.76645181042149
21.807462862320023
21.812539253173547
21.857754961362094
21.842475144500813
21.8844909341316
21.882964444768945
21.935654636924586
21.943783538449686
21.907949586923955
21.949211847698393
21.943930586478967
22.00575772793535
22.023941934808626
22.008836345050604
22.01945971183864
22.011669495845904
21.98960198698027
22.05564276438366
22.061617604922418
22.082598752365527
22.080589228450908
22.041045117042746
22.073132911842762
22.10148299126139
22.117358329078456
22.14947508787738
22.13815994508397
22.145122874269653
22.124523910260766
22.138528620774103
22.12580447522503
22.127953544454048
22.172672467485178
22.190392544402048
22.245503518169926
22.232352954802234
22.238059732477215
22.225814828426806
22.239311773764975
22.287631304556047
22.28845164733015
22.269037506056872
22.310487364167777
22.360879823969444
22.3452208120332
22.36047628613372
22.362648754724372
22.406637040051756
22.385725542753086
22.395563594280482
22.388921782411725
22.41778871731557
22.442375544055434
22.448588171272622
22.42678028258962
22.44410491763493
22.466991581299204
22.454264736771883
22.466530311774417
22.495877725191825
22.48562628837938
22.501366350678975
22.498469293119467
22.485590584683585
22.487653099812906
22.52111212267799
22.559194621831733
22.577614752903045
22.593046252278622
22.60489100646973
22.610917695948064
22.60076320671837
22.62490376880452
22.636026279545394
22.635676793615755
22.682477400396262
22.72572776297553
22.726098127984752
22.732480580845912
22.811412948825044
22.82780661257844
22.80485023208601
22.77984129936727
22.806609916326135
22.844985065105952
22.870090140116844
22.85753633962152
22.88021403526574
22.87058386813781
22.884801031483917
22.87219589698895
22.867237294191053
22.87374596092468
22.873182349036647
22.871199997268743
22.89123425878876
22.880614671160863
22.893583683390656
22.931228688881735
22.961987357621283
22.950648703033707
22.959232343216957
22.98429120216402
23.01277482815211
23.030061069936867
23.05787330952356
23.061024783980123
23.078359701618886
23.117975134507265
23.118817665186313
23.161772140040668
23.166405580980168
23.147647366543953
23.12968809226572
23.181532253906077
23.197122850995882
23.203916936420693
23.189778166170903
23.192243759179867
23.224865074451905
23.22609206449004
23.23874219932594
23.237379815921972
23.252469244237876
23.252432478635534
23.29975810747741
23.275235799827964
23.283670044939807
23.323576331750083
23.33016637883093
23.32912705388738
23.3321901625304
23.35067137968182
23.35069900945045
23.346248097687326
23.368798798512458
23.382865399962487
23.38514833309634
23.399247414805792
23.397289859875645
23.407635574779604
23.419865200575895
23.420326306791388
23.442981820053884
23.48238672152143
23.46790159759704
23.44991852314792
23.45398638310591
23.457261840202293
23.493377722576867
23.483612489361022
23.504241815743363
23.504675589737992
23.519668009193296
23.51278492343342
23.515827283625324
23.525591833554326
23.54298622733657
23.53992383425101
23.52586752327704
23.54779291241995
23.58592495552478
23.588216856606095
23.574007135445484
23.58789364369721
23.59643369362252
23.636709688758604
23.64104270745587
23.6178135091209
23.64035931879351
23.643483682911768
23.649729098937698
23.680747185586455
23.67568906834585
23.675167615342758
23.692933064568713
23.694950978457033
23.681962861786303
23.657648064604334
23.65609178156945
23.669490504617183
23.695419487281796
23.6913938970842
23.701281747721485
23.692041552433793
23.695316523704015
23.72204663375446
23.74436994493272
