7	20.0
23	-145.0
33	0.0
40	-130.0
60	-75.0
70	10.0
98	-55.0
110	0.0
127	-90.0
129	-60.0
134	-20.0
146	5.0
158	-75.0
173	-95.0
193	25.0
195	-60.0
202	-45.0
215	5.0
217	-60.0
226	-45.0
237	-60.0
241	-60.0
249	-125.0
253	-120.0
256	-115.0
307	-125.0
314	-145.0
316	-60.0
340	5.0
342	-120.0
345	0
348	-120.0
352	0
360	-5.0
377	0.0
386	-45.0
391	40.0
395	-60.0
398	-60.0
404	-120.0
414	-10.0
425	5.0
432	-70.0
454	-120.0
504	-125.0
525	-35.0
567	-30.0
571	0
610	-280.0
624	-120.0
643	-130.0
663	-20.0
666	0
681	-100.0
688	-70.0
708	0.0
719	-55.0
725	-105.0
732	-65.0
737	0.0
750	5.0
757	-65.0
760	-130.0
778	-60.0
798	-100.0
801	-60.0
807	-10.0
828	-25.0
847	-75.0
861	-160.0
894	5.0
910	-135.0
916	0
930	15.0
952	-45.0
957	-125.0
961	-65.0
967	-135.0
974	-110.0
989	25.0
1007	-145.0
1014	-35.0
1024	10.0
1056	-75.0
1070	0.0
1076	15.0
1110	-145.0
1116	-135.0
1148	5.0
1160	-100.0
1178	-135.0
1183	-55.0
1190	-110.0
1206	20.0
1213	5.0
1236	-90.0
1249	-60.0
1256	-80.0
1279	-115.0
1293	-115.0
1301	-120.0
1313	-10.0
1318	-120.0
1326	5.0
1341	-135.0
1359	-85.0
1378	-95.0
1386	-5.0
1395	-120.0
1404	5.0
1425	-25.0
1447	-95.0
1454	-35.0
1456	-120.0
1468	5.0
1479	-65.0
1491	30.0
1504	-165.0
1522	-115.0
1529	-60.0
1532	-65.0
1542	25.0
1559	0.0
1563	-60.0
1569	5.0
1581	-45.0
1594	-40.0
1613	-35.0
1628	-50.0
1642	-135.0
1666	5.0
1681	-125.0
1689	-50.0
1693	0
1713	-15.0
1717	10.0
1729	10.0
1767	-30.0
1776	-25.0
1778	-120.0
1788	-75.0
1792	0
1794	-120.0
1799	0
1811	-10.0
1823	-125.0
1832	-135.0
1843	0.0
1846	-60.0
1870	25.0
1883	5.0
1890	-80.0
1911	-40.0
1916	-125.0
1928	-50.0
1934	-110.0
1954	-5.0
1958	-105.0
1962	-55.0
1969	-115.0
1977	-140.0
1989	-95.0
1998	-130.0
2007	20.0
2014	-125.0
2019	-120.0
2034	-80.0
2086	-45.0
2102	-15.0
2113	25.0
2121	-125.0
2124	0
2132	-50.0
2140	-120.0
2152	-95.0
2173	-115.0
2185	10.0
2199	15.0
2201	-120.0
2210	-20.0
2231	-40.0
2239	-135.0
2270	-125.0
2292	-70.0
2301	-125.0
2326	40.0
2351	-25.0
2358	-65.0
2382	5.0
2405	0.0
2415	-130.0
2423	-55.0
2433	-125.0
2444	-125.0
2467	-120.0
2474	-5.0
2476	-60.0
2484	-10.0
2489	-55.0
2525	-45.0
2530	-55.0
2541	20.0
2549	-5.0
2585	-130.0
2589	-120.0
2603	-125.0
2605	-120.0
2623	0.0
2657	-100.0
2659	-120.0
2672	-155.0
2675	-120.0
2684	-55.0
2730	-80.0
2752	-65.0
2762	-15.0
2771	-60.0
2787	-50.0
2798	-55.0
2802	-120.0
2806	5.0
2820	-105.0
2831	35.0
2842	-115.0
2848	-115.0
2872	-120.0
2907	-95.0
2968	-105.0
2982	5.0
2996	-45.0
3009	-60.0
3019	-10.0
3028	-10.0
3031	-65.0
3046	-145.0
3065	-30.0
3095	-30.0
3127	-40.0
3147	-110.0
3149	-120.0
3155	0
3181	15.0
3190	-120.0
3194	-55.0
3202	-15.0
3210	-110.0
3219	15.0
3225	-60.0
3236	-25.0
3260	-40.0
3266	-145.0
3291	-140.0
3315	-100.0
3325	-45.0
3337	-100.0
3343	-40.0
3348	-50.0
3352	-20.0
3376	-20.0
3378	-120.0
3380	-60.0
3384	-50.0
3390	-110.0
3405	-105.0
3410	-5.0
3419	-10.0
3426	0
3438	-5.0
3448	0.0
3456	5.0
3465	10.0
3469	-45.0
3477	-110.0
3494	-85.0
3519	-110.0
3540	-140.0
3543	-130.0
3553	-135.0
3555	-120.0
3561	-125.0
3582	-60.0
3597	-110.0
3622	-115.0
3627	-145.0
3631	-110.0
3636	15.0
3681	-85.0
3692	0.0
3709	-115.0
3718	0
3730	-120.0
3752	-135.0
3758	-120.0
3855	-115.0
3862	-50.0
3884	-25.0
3902	5.0
3909	-55.0
3915	-55.0
3970	-75.0
3976	-5.0
4012	-50.0
4037	-30.0
4076	-10.0
4086	0.0
4092	0
4140	40.0
4160	10.0
4178	-70.0
4183	-110.0
4194	0.0
4206	-110.0
4212	0
4261	-45.0
4267	0
4274	-15.0
4296	-105.0
4308	-5.0
4318	-50.0
4327	-130.0
4338	-75.0
4341	-120.0
4354	20.0
4388	-40.0
4394	-50.0
4399	-60.0
4403	-60.0
4459	80.0
4520	-70.0
4528	0
4531	-60.0
4564	-60.0
4602	-60.0
4611	-120.0
4621	-15.0
4626	-55.0
4633	-55.0
4641	-115.0
4660	-85.0
4669	-5.0
4676	-65.0
4679	-60.0
4687	-45.0
4694	-55.0
4699	-10.0
4709	10.0
4721	-100.0
4737	-60.0
4802	-55.0
4816	-125.0
4836	-15.0
4844	5.0
4852	-145.0
4876	-45.0
4884	10.0
4896	-40.0
4907	10.0
4961	-75.0
4972	-35.0
4977	-60.0
4984	-20.0
4992	5.0
5007	-130.0
5047	10.0
5055	20.0
5067	-15.0
5080	-70.0
5109	-160.0
5120	-55.0
5132	-100.0
5148	-5.0
5161	-10.0
5181	-115.0
5208	-30.0
5214	0
5229	-35.0
5272	-5.0
5293	-125.0
5295	-60.0
5331	-110.0
5347	-75.0
5387	-185.0
5399	-15.0
5412	-110.0
5423	-70.0
5432	-145.0
5452	-35.0
5466	15.0
5490	-135.0
5496	10.0
5510	-120.0
5517	5.0
5538	-75.0
5550	-60.0
5574	0.0
5578	-110.0
5584	-45.0
5608	-120.0
5619	5.0
5630	-45.0
5670	-35.0
5675	10.0
5685	5.0
5708	-45.0
5721	25.0
5761	-20.0
5767	10.0
5826	-165.0
5838	-50.0
5853	-65.0
5858	5.0
5866	0
5876	-75.0
5878	-60.0
5909	-155.0
5940	-150.0
5957	-150.0
5983	-75.0
6012	-30.0
6021	-150.0
6029	-65.0
6053	-100.0
6055	-60.0
6078	20.0
6115	-155.0
6130	-5.0
6140	20.0
6157	-100.0
6161	0
6173	0.0
6176	-120.0
6186	-155.0
6196	-80.0
6201	0
6236	-90.0
6256	-30.0
6262	-60.0
6266	-130.0
6276	0.0
6283	-120.0
6297	-50.0
6310	-100.0
6320	-130.0
6326	-45.0
6330	-55.0
6391	-20.0
6398	0
6410	-10.0
6426	-120.0
6447	-140.0
6506	-165.0
6526	30.0
6538	15.0
6546	-35.0
6563	5.0
6570	-10.0
6595	15.0
6606	-60.0
6613	0
6619	-120.0
6641	-10.0
6666	-165.0
6691	-10.0
6699	-15.0
6709	0.0
6719	-105.0
6726	0
6742	-95.0
6821	10.0
6823	-60.0
6832	15.0
6845	-100.0
6867	45.0
6891	30.0
6919	40.0
6924	-60.0
6952	-5.0
6975	-90.0
6998	30.0
7055	-5.0
7114	-65.0
7118	-120.0
7128	10.0
7177	-95.0
7201	-80.0
7226	-55.0
7275	-155.0
7299	-110.0
7327	10.0
7329	-60.0
7348	-5.0
7354	10.0
7366	-95.0
7382	20.0
7414	-20.0
7417	5.0
7423	0.0
7442	5.0
7489	5.0
7496	-130.0
7505	-60.0
7585	-10.0
7597	-125.0
7629	5.0
7676	-100.0
7707	30.0
7744	-150.0
7758	10.0
7764	-120.0
7803	-85.0
7824	-30.0
7843	-140.0
7847	0
7861	-120.0
7931	-155.0
7976	-75.0
7987	15.0
8038	-15.0
8086	-30.0
8096	-50.0
8164	-70.0
8168	-125.0
8195	-15.0
8220	-60.0
8264	-25.0
8273	-130.0
8281	-10.0
8299	-150.0
8332	-20.0
8342	-55.0
8369	-115.0
8379	-60.0
8391	10.0
8424	-120.0
8437	10.0
8492	-20.0
8612	-145.0
8617	0
8625	-115.0
8629	-15.0
8641	-75.0
8645	-55.0
8658	-130.0
8692	-45.0
8699	15.0
8762	-90.0
8766	-130.0
8792	-20.0
8798	-110.0
8801	-60.0
8838	25.0
8840	-60.0
8867	-75.0
8888	0.0
8891	0
8946	-75.0
8952	-130.0
8972	0.0
8987	-135.0
9016	-80.0
9060	25.0
9068	-45.0
9071	-60.0
9093	-15.0
9106	-100.0
9141	15.0
9152	-60.0
9155	-55.0
9183	-105.0
9205	-45.0
9209	-70.0
9219	-120.0
9266	15.0
9272	0.0
9295	-35.0
9319	-150.0
9352	-15.0
9378	-110.0
9400	-5.0
9413	-55.0
9426	5.0
9487	-125.0
9494	5.0
9503	-65.0
9508	0
9580	-20.0
9592	15.0
9614	0.0
9661	15.0
9666	-130.0
9716	-30.0
9723	5.0
9731	-5.0
9753	5.0
9780	10.0
9791	5.0
9794	-35.0
9821	-90.0
9835	-15.0
9895	-15.0
9919	-55.0
9928	-5.0
9934	-105.0
9942	-10.0
10031	-105.0
10069	60.0
10078	-60.0
10099	-15.0
10145	50.0
10149	0
10168	-10.0
10180	-85.0
10201	-65.0
10221	-10.0
10230	-35.0
10253	-50.0
10316	-75.0
10344	-45.0
10358	0
10418	-15.0
10421	-55.0
10426	-120.0
10446	-20.0
10480	-20.0
10490	-150.0
10527	-130.0
10538	30.0
10580	-60.0
10613	-30.0
10683	-5.0
10694	-50.0
10699	-120.0
10741	-85.0
10798	-50.0
10801	-140.0
10803	-120.0
10821	-75.0
10827	-50.0
10847	-80.0
10851	0
10901	-110.0
10905	-55.0
10950	-100.0
10993	-40.0
11005	20.0
11069	-140.0
11121	-145.0
11141	15.0
11151	-15.0
11160	-105.0
11181	-70.0
11205	-90.0
11217	-20.0
11219	-10.0
11225	15.0
11229	5.0
11331	30.0
11351	30.0
11382	-30.0
11396	-55.0
11405	-110.0
11413	-50.0
11449	35.0
11487	-10.0
11529	-30.0
11538	15.0
11600	10.0
11625	-75.0
11636	-40.0
11652	-15.0
11658	5.0
11688	-5.0
11699	-120.0
11705	-115.0
11736	-10.0
11740	-5.0
11760	-110.0
11794	-40.0
11797	-60.0
11800	-55.0
11805	-40.0
11823	-40.0
11847	-5.0
11872	30.0
11879	10.0
11911	-45.0
11913	-60.0
11922	-110.0
12003	-160.0
12026	15.0
12033	-10.0
12051	-90.0
12077	25.0
12096	0.0
12100	-115.0
12143	10.0
12167	15.0
12177	35.0
12197	-165.0
12199	-60.0
12202	-50.0
12232	-10.0
12236	-45.0
12270	-110.0
12331	-100.0
12337	-120.0
12345	-115.0
12352	-50.0
12403	-145.0
12428	5.0
12438	35.0
12444	-125.0
12449	-105.0
12459	-120.0
12464	-120.0
12580	50.0
12601	-5.0
12613	-5.0
12621	25.0
12651	-45.0
12662	20.0
12681	10.0
12685	0
12698	-115.0
12704	-140.0
12743	-145.0
12755	-45.0
12842	-65.0
12850	15.0
12862	-145.0
12901	-35.0
12920	-80.0
12925	-10.0
12931	-110.0
13044	-70.0
13072	10.0
13122	-150.0
13128	-55.0
13152	-105.0
13190	-75.0
13195	-130.0
13220	0.0
13262	5.0
13315	-40.0
13335	-15.0
13338	-30.0
13340	-60.0
13362	0.0
13376	25.0
13441	-100.0
13446	-130.0
13452	-105.0
13474	20.0
13541	-145.0
13580	-200.0
13621	-210.0
13627	-40.0
13637	-125.0
13674	-140.0
13710	-10.0
13715	0
13721	5.0
13728	-60.0
13743	-50.0
13745	-55.0
13766	20.0
13826	-50.0
13955	-15.0
13982	-140.0
13996	-130.0
14004	-55.0
14010	-10.0
14078	-190.0
14089	-35.0
14100	-10.0
14141	-30.0
14160	-155.0
14234	-35.0
14259	-145.0
14270	5.0
14319	0.0
14331	-15.0
14334	0
14368	-110.0
14404	-105.0
14422	-65.0
14457	-25.0
14461	-70.0
14468	-5.0
14486	-50.0
14516	-5.0
14552	10.0
14572	-80.0
14609	0.0
14632	0.0
14649	-125.0
14675	-90.0
14696	-10.0
14705	10.0
14726	-15.0
14735	-140.0
14760	-15.0
14769	0
14776	5.0
14781	-55.0
14793	-55.0
14800	-115.0
14811	0
14820	-125.0
14824	-55.0
14835	5.0
14846	-45.0
14980	50.0
14991	-50.0
15007	60.0
15030	-25.0
15129	-110.0
15153	-15.0
15168	0.0
15226	-85.0
15256	-10.0
15265	-65.0
15278	-30.0
15312	-90.0
15321	-30.0
15349	-10.0
15359	5.0
15366	-125.0
15414	-50.0
15439	15.0
15478	-95.0
15483	-10.0
15487	-120.0
15499	20.0
15505	0
15528	-100.0
15544	5.0
15575	-30.0
15583	-95.0
15599	-80.0
15638	-90.0
15675	-60.0
15696	-35.0
15709	-110.0
15732	-25.0
15746	-25.0
15774	-20.0
15785	5.0
15795	-5.0
15835	-20.0
15842	0
15862	-80.0
15873	-75.0
15901	0.0
16020	-110.0
16037	-25.0
16039	-60.0
16063	-95.0
16101	-70.0
16114	-75.0
16137	-25.0
16146	-50.0
16193	30.0
16201	15.0
16207	-50.0
16221	-125.0
16226	-55.0
16231	-110.0
16256	-75.0
16301	10.0
16345	-140.0
16369	20.0
16373	0
16378	-120.0
16405	-85.0
16418	5.0
16421	-115.0
16428	-55.0
16440	5.0
16449	5.0
16463	-125.0
16496	-110.0
16514	-50.0
16521	-45.0
16532	-5.0
16550	-80.0
16555	10.0
16567	5.0
16569	-60.0
16592	-25.0
16596	-120.0
16615	-120.0
16643	-30.0
16685	-15.0
16693	-115.0
16707	-45.0
16726	0.0
16736	-35.0
16748	30.0
16787	-130.0
16809	-10.0
16815	-135.0
16854	-100.0
16859	10.0
16872	-135.0
16887	-50.0
16906	25.0
16912	-110.0
16920	-10.0
16923	0
16940	-10.0
16951	-30.0
16977	-95.0
16999	10.0
17034	-5.0
17058	-10.0
17083	35.0
17092	-70.0
17103	-55.0
17128	20.0
17137	5.0
17167	-120.0
17184	-10.0
17192	5.0
17205	5.0
17233	20.0
17246	10.0
17345	-40.0
17367	-35.0
17393	-15.0
17399	-110.0
17405	-115.0
17418	-110.0
17442	-65.0
17461	0.0
17465	-60.0
17502	40.0
17506	-120.0
17511	0
17518	0
17541	-65.0
17553	-15.0
17563	-60.0
17584	20.0
17622	-80.0
17635	10.0
17661	-5.0
17699	20.0
17756	-75.0
17759	-110.0
17789	45.0
17799	10.0
17826	0.0
17833	-10.0
17837	-55.0
17849	15.0
17878	-50.0
17911	-40.0
17920	-110.0
18001	-60.0
18003	-60.0
18039	-165.0
18098	-5.0
18144	0.0
18218	-55.0
18230	-20.0
18251	25.0
18259	-55.0
18284	-50.0
18294	0.0
18301	-120.0
18311	-40.0
18358	5.0
18372	-15.0
18402	15.0
18447	35.0
18473	-30.0
18482	5.0
18541	-10.0
18555	10.0
18568	10.0
18582	15.0
18620	-15.0
18644	-55.0
18650	-115.0
18677	-35.0
18698	-70.0
18733	5.0
18745	15.0
18749	-5.0
18753	-120.0
18788	-60.0
18794	-130.0
18804	10.0
18821	25.0
18835	-70.0
18844	-55.0
18935	0.0
18949	40.0
18958	10.0
18968	-125.0
18979	10.0
18984	-40.0
18998	10.0
19009	-60.0
19038	-45.0
19087	-140.0
19107	0.0
19132	-145.0
19137	-60.0
19150	-35.0
19164	10.0
19183	10.0
19228	-20.0
19269	30.0
19278	-145.0
19298	-95.0
19308	-125.0
19324	-10.0
19328	-130.0
19343	0.0
19405	-25.0
19424	-45.0
19492	15.0
19498	-115.0
19518	0.0
19580	15.0
19627	-100.0
19666	-80.0
19739	-25.0
19748	-120.0
19767	-110.0
19794	-65.0
19798	-10.0
19833	35.0
19888	-40.0
19890	0
19939	-10.0
19950	-5.0
19970	-90.0
19998	-5.0
20028	45.0
20054	-15.0
20077	-105.0
20088	-155.0
20160	50.0
20238	55.0
20248	-55.0
20255	-50.0
20273	-100.0
20282	10.0
20294	-120.0
20306	-5.0
20316	-60.0
20347	-45.0
20353	0.0
20387	-135.0
20389	-120.0
20392	-60.0
20408	-75.0
20418	-55.0
20464	-40.0
20478	-10.0
20492	-70.0
20553	-40.0
20581	40.0
20588	15.0
20610	-145.0
20619	25.0
20632	-115.0
20670	10.0
20710	20.0
20740	0.0
20752	-120.0
20779	-110.0
20792	-75.0
20804	-115.0
20833	-120.0
20838	-45.0
20844	-65.0
20851	5.0
20859	-65.0
20870	-15.0
20904	5.0
20931	15.0
20955	-70.0
20969	-130.0
20978	-45.0
20983	-65.0
20986	0
21009	-30.0
21081	-70.0
21106	20.0
21112	-15.0
21205	-110.0
21232	-155.0
21244	-120.0
21390	15.0
21395	-10.0
21400	10.0
21430	-15.0
21436	-45.0
21442	5.0
21483	-60.0
21493	-125.0
21503	25.0
21563	-40.0
21567	-120.0
21669	-80.0
21675	0.0
21686	-5.0
21733	-25.0
21736	-60.0
21819	-60.0
21892	-10.0
21941	50.0
22011	-45.0
22017	-15.0
22023	0
22046	5.0
22059	-15.0
22070	-5.0
22078	-50.0
22147	-225.0
22176	-20.0
22216	-20.0
22225	-25.0
22242	-35.0
22251	-40.0
22304	-60.0
22329	-80.0
22332	-55.0
22352	20.0
22406	5.0
22423	-10.0
22452	-30.0
22494	-30.0
22510	10.0
22515	-5.0
22527	-60.0
22560	-65.0
22604	-65.0
22621	5.0
22671	-80.0
22683	20.0
22690	5.0
22699	-110.0
22706	-60.0
22747	-80.0
22755	-55.0
22765	10.0
22776	-110.0
22782	15.0
22829	-15.0
22851	30.0
22860	-55.0
22869	5.0
22884	-50.0
22942	-190.0
22959	5.0
22994	25.0
23013	-140.0
23059	-30.0
23103	-130.0
23109	-120.0
23132	-145.0
23141	-60.0
23173	-100.0
23197	10.0
23208	25.0
23234	15.0
23246	5.0
23268	-15.0
23321	-75.0
23350	20.0
23378	-20.0
23413	-5.0
23417	-10.0
23442	-125.0
23451	-10.0
23477	-130.0
23512	30.0
23521	-15.0
23527	-45.0
23541	5.0
23628	20.0
23640	-115.0
23732	-75.0
23824	-10.0
23829	5.0
23838	-115.0
23852	-10.0
23878	-35.0
23890	-10.0
23915	25.0
23922	-45.0
23968	5.0
23991	-10.0
24001	-70.0
24059	-35.0
24072	30.0
24191	-140.0
24205	-5.0
24208	0
24215	0.0
24273	35.0
24300	-140.0
24348	-50.0
24359	5.0
24379	-30.0
24414	-110.0
24443	0.0
24480	25.0
24507	10.0
24512	5.0
24599	-20.0
24647	-140.0
24660	0.0
24663	-120.0
24683	-75.0
24723	-45.0
24735	-5.0
24770	-15.0
24787	-65.0
24860	10.0
24866	0.0
24982	-110.0
25023	-45.0
25033	-5.0
25056	-10.0
25061	-50.0
25086	-40.0
25098	10.0
25111	-10.0
25139	-145.0
25164	-60.0
25196	-145.0
25205	10.0
25216	-110.0
25226	-95.0
25240	10.0
25248	15.0
25304	-20.0
25345	-120.0
25385	45.0
25390	-125.0
25419	-55.0
25487	-5.0
25583	35.0
25601	-45.0
25619	-60.0
25634	-115.0
25646	-15.0
25652	0
25655	-60.0
25659	-110.0
25672	5.0
25682	-5.0
25727	-155.0
25730	-130.0
25813	-90.0
25818	-60.0
25837	35.0
25862	-85.0
25893	-15.0
25900	5.0
25910	10.0
25933	-20.0
25948	-110.0
25956	0.0
25976	20.0
26024	50.0
26037	5.0
26085	-70.0
26095	0.0
26164	-115.0
26170	-55.0
26232	-35.0
26256	-25.0
26306	-15.0
26327	-115.0
26367	-20.0
26371	0
26373	-120.0
26399	-45.0
26410	-5.0
26499	50.0
26522	0.0
26532	-95.0
26568	-120.0
26615	-130.0
26630	-50.0
26643	-5.0
26650	-55.0
26660	10.0
26691	-140.0
26768	-135.0
26800	-125.0
26860	10.0
26901	-40.0
26913	10.0
26918	-5.0
26930	-30.0
27008	-65.0
27010	0
27136	20.0
27159	10.0
27228	-20.0
27254	-65.0
27269	10.0
27286	-50.0
27295	-110.0
27350	15.0
27380	-30.0
27387	-50.0
27402	5.0
27421	-100.0
27501	65.0
27537	-10.0
27539	0
27586	-55.0
27661	-5.0
27704	-30.0
27738	0.0
27750	0.0
27764	15.0
27790	30.0
27800	5.0
27804	0
27921	55.0
27966	30.0
27969	-70.0
27985	10.0
28014	-15.0
28018	-105.0
28026	10.0
28038	-5.0
28188	-85.0
28211	0.0
28226	10.0
28231	-50.0
28238	-115.0
28251	-10.0
28266	-60.0
28292	-45.0
28323	-15.0
28345	-45.0
28372	25.0
28397	-45.0
28401	-60.0
28433	40.0
28454	20.0
28498	10.0
28526	15.0
28578	-50.0
28612	-15.0
28643	-105.0
28660	-30.0
28691	-65.0
28787	20.0
28843	-110.0
28857	0.0
28863	0.0
28895	-100.0
28956	-5.0
28991	45.0
29020	0.0
29032	5.0
29192	30.0
29198	-90.0
29231	-65.0
29246	-15.0
29258	-5.0
29272	15.0
29367	-85.0
29401	25.0
29476	-105.0
29481	15.0
29570	30.0
29616	5.0
29710	70.0
29756	-25.0
29799	45.0
29827	-40.0
29835	-50.0
29847	-30.0
29855	5.0
29896	-95.0
29957	55.0
29968	15.0
30018	35.0
30060	0.0
30145	20.0
30161	-100.0
30226	-65.0
30269	5.0
30280	10.0
30302	-45.0
30306	-65.0
30334	-10.0
30349	-50.0
30453	-25.0
30463	-110.0
30521	-125.0
30534	25.0
30546	15.0
30554	-130.0
30562	0.0
30568	0
30581	-5.0
30596	10.0
30631	30.0
30637	20.0
30718	-15.0
30725	-20.0
30737	-10.0
30749	-25.0
30789	55.0
30808	-45.0
30814	0.0
30818	-120.0
30867	50.0
30933	30.0
30939	-100.0
30972	0.0
31025	10.0
31055	-20.0
31103	-10.0
31112	-10.0
31182	-30.0
31184	-120.0
31195	5.0
31234	-130.0
31262	-90.0
31274	15.0
31280	0
31382	-50.0
31455	-80.0
31536	65.0
31561	-70.0
31605	-15.0
31611	-5.0
31639	45.0
31649	-55.0
31717	-20.0
31730	20.0
31770	45.0
31776	-45.0
31787	0.0
31806	-110.0
31851	-25.0
31933	15.0
31958	-110.0
31988	45.0
31992	0
32015	25.0
32048	-15.0
32067	-110.0
32079	-30.0
32102	-115.0
32161	-115.0
32186	-25.0
32216	10.0
32230	15.0
32263	-30.0
32343	-95.0
32430	-75.0
32435	-110.0
32473	35.0
32516	-55.0
32549	-100.0
32627	-135.0
32692	-50.0
32719	-80.0
32750	-150.0
32778	-5.0
32805	10.0
32836	-40.0
32849	20.0
32941	-40.0
32990	20.0
33006	-15.0
33052	45.0
33063	-55.0
33111	35.0
33130	5.0
33134	-55.0
33179	-10.0
33222	-25.0
33301	15.0
33341	-10.0
33372	-20.0
33403	-135.0
33430	-70.0
33438	-25.0
33465	-105.0
33530	-30.0
33590	35.0
33611	-5.0
33643	15.0
33705	20.0
33741	45.0
33748	-95.0
33759	-110.0
33769	-60.0
33776	20.0
33831	-110.0
33839	10.0
33852	15.0
33864	0.0
33894	55.0
33976	30.0
33986	10.0
34087	95.0
34091	0
34116	-35.0
34137	25.0
34143	-115.0
34172	5.0
34180	0
34194	-40.0
34197	-50.0
34245	35.0
34276	-5.0
34303	10.0
34447	20.0
34479	5.0
34510	-120.0
34604	25.0
34649	-25.0
34654	-10.0
34667	15.0
34704	-15.0
34747	-15.0
34765	30.0
34826	-40.0
34847	25.0
34871	-30.0
34973	-20.0
34985	-10.0
35065	30.0
35082	5.0
35128	10.0
35219	-85.0
35275	-5.0
35336	-30.0
35338	-120.0
35359	5.0
35392	-10.0
35417	-15.0
35432	-5.0
35439	-40.0
35443	-65.0
35478	15.0
35524	15.0
35539	-20.0
35621	-15.0
35635	-45.0
35667	10.0
35697	-15.0
35709	5.0
35856	40.0
35863	-55.0
35873	15.0
35952	-55.0
35964	-30.0
36001	-80.0
36012	-60.0
36035	-30.0
36138	-100.0
36161	35.0
36281	-10.0
36294	0
36307	-35.0
36316	15.0
36351	10.0
36357	0.0
36401	-80.0
36481	5.0
36552	0.0
36563	10.0
36651	35.0
36697	15.0
36809	65.0
36818	-55.0
36901	20.0
36908	-50.0
36917	-125.0
37017	-75.0
37028	0.0
37060	40.0
37063	-60.0
37118	-40.0
37129	-20.0
37142	-60.0
37196	-50.0
37206	-120.0
37213	-10.0
37317	40.0
37360	15.0
37365	-60.0
37455	30.0
37532	-50.0
37561	15.0
37627	50.0
37653	-5.0
37732	-35.0
37838	5.0
37919	-120.0
37959	40.0
37970	20.0
38004	20.0
38091	20.0
38124	-60.0
38146	-25.0
38174	-80.0
38181	0
38211	10.0
38246	20.0
38293	30.0
38323	-85.0
38401	-35.0
38535	45.0
38561	-75.0
38566	0
38587	-25.0
38614	15.0
38666	30.0
38711	-65.0
38752	35.0
38798	-15.0
38804	20.0
38831	50.0
38854	-60.0
38879	-30.0
38911	-55.0
38982	15.0
39002	-50.0
39007	0
39023	-95.0
39067	70.0
39091	-5.0
39121	25.0
39129	5.0
39209	-15.0
39239	20.0
39265	15.0
39274	-115.0
39287	-85.0
39323	-65.0
39351	-80.0
39401	-15.0
39561	5.0
39664	20.0
39692	-15.0
39816	40.0
39819	-60.0
39830	-5.0
39948	15.0
40005	75.0
40016	-65.0
40029	-50.0
40044	-115.0
40091	20.0
40117	25.0
40129	10.0
40158	-105.0
40195	-10.0
40216	15.0
40218	-60.0
40282	-45.0
40325	35.0
40335	10.0
40371	-15.0
40381	-50.0
40402	25.0
40432	-20.0
40438	10.0
40545	25.0
40669	20.0
40732	20.0
40753	-5.0
40801	-85.0
40827	-40.0
40892	-20.0
40900	-55.0
41051	140.0
41059	5.0
41107	40.0
41120	-70.0
41159	-10.0
41188	5.0
41205	10.0
41235	50.0
41250	15.0
41259	-20.0
41264	-115.0
41272	5.0
41286	-35.0
41374	-135.0
41385	-10.0
41399	-40.0
41411	-15.0
41419	10.0
41462	5.0
41474	-15.0
41478	0
41530	40.0
41535	-120.0
41558	0.0
41646	25.0
41733	-50.0
41741	-45.0
41811	85.0
41854	-5.0
41924	30.0
42046	30.0
42054	-25.0
42068	10.0
42084	-105.0
42125	45.0
42154	-55.0
42158	-70.0
42277	-60.0
42285	-20.0
42352	-55.0
42380	-125.0
42397	5.0
42481	25.0
42588	-95.0
42705	-5.0
42719	5.0
42768	-15.0
42811	-70.0
42867	50.0
42879	-50.0
42928	45.0
43070	110.0
43119	60.0
43125	10.0
43201	-100.0
43228	30.0
43246	30.0
43279	0.0
43292	5.0
43356	-10.0
43372	-20.0
43378	0.0
43384	10.0
43391	5.0
43550	-25.0
43558	-40.0
43634	55.0
43723	-55.0
43831	115.0
43890	70.0
43935	-5.0
43942	0.0
44092	35.0
44126	-10.0
44232	-5.0
44280	25.0
44388	40.0
44483	-45.0
44569	-55.0
44596	20.0
44679	20.0
44688	-105.0
44753	-70.0
44762	10.0
44776	0.0
44794	35.0
44807	-10.0
44910	-65.0
44994	55.0
45038	5.0
45126	-35.0
45191	-15.0
45292	-50.0
45360	40.0
45424	-35.0
45462	-55.0
45478	10.0
45601	-90.0
45625	25.0
45657	35.0
45663	-105.0
45679	10.0
45708	35.0
45783	-35.0
45792	-50.0
45849	-100.0
45875	-65.0
45886	-70.0
45893	-105.0
45972	-45.0
45994	-35.0
45997	-60.0
46001	-60.0
46038	0.0
46162	20.0
46206	-105.0
46213	-115.0
46216	-50.0
46230	15.0
46243	15.0
46275	10.0
46325	-30.0
46394	70.0
46401	-100.0
46406	-10.0
46417	-50.0
46428	25.0
46470	-35.0
46603	25.0
46613	-40.0
46693	20.0
46750	70.0
46762	40.0
46835	85.0
46857	-120.0
46866	-5.0
46931	35.0
46964	25.0
46974	5.0
46976	-120.0
46983	-60.0
47009	-60.0
47080	15.0
47085	-60.0
47123	-60.0
47133	-60.0
47176	-25.0
47181	0
47339	25.0
47415	5.0
47457	-10.0
47475	45.0
47483	-45.0
47550	-20.0
47570	-95.0
47636	-65.0
47684	-50.0
47699	-45.0
47761	-15.0
47774	-55.0
47778	-5.0
47827	-60.0
47979	65.0
48055	-90.0
48093	35.0
48105	15.0
48228	-5.0
48256	-40.0
48288	15.0
48447	60.0
48468	-70.0
48575	-30.0
48633	30.0
48640	-120.0
48724	20.0
48759	-35.0
48801	-95.0
48836	-15.0
48865	-40.0
48887	30.0
48899	-120.0
48914	0.0
48964	20.0
49033	-20.0
49189	100.0
49213	-125.0
49303	35.0
49334	-10.0
49340	-60.0
49497	10.0
49506	5.0
49525	-95.0
49539	-30.0
49559	-25.0
49635	15.0
49688	-60.0
49755	30.0
49818	-30.0
49846	-100.0
49858	-90.0
49997	-30.0
50003	0
50040	30.0
50045	-40.0
50112	-80.0
50172	-75.0
50191	-75.0
50255	-5.0
50404	15.0
50430	0.0
50478	25.0
50481	0
50555	30.0
50681	-90.0
50711	-50.0
50737	-10.0
50888	40.0
50899	-55.0
50914	-45.0
50926	-5.0
50936	-110.0
51001	20.0
51006	5.0
51018	15.0
51021	-10.0
51107	20.0
51125	5.0
51138	-60.0
51141	0
51157	5.0
51263	10.0
51266	-60.0
51274	0.0
51313	-100.0
51390	-15.0
51412	-50.0
51435	-100.0
51466	-80.0
51631	30.0
51636	10.0
51638	-120.0
51646	-55.0
51743	5.0
51755	15.0
51766	-75.0
51799	-15.0
51821	-40.0
51835	-60.0
51903	30.0
51973	-15.0
51982	-50.0
51987	-110.0
51996	-55.0
52003	0
52085	-15.0
52096	-60.0
52110	-50.0
52117	-55.0
52124	-20.0
52152	-105.0
52183	-35.0
52230	35.0
52235	5.0
52282	15.0
52294	0.0
52358	30.0
52364	-110.0
52367	5.0
52417	-30.0
52428	-125.0
52528	-45.0
52560	-40.0
52576	10.0
52612	35.0
52680	20.0
52764	75.0
52778	0
52796	35.0
52953	90.0
52960	5.0
52988	-110.0
53033	10.0
53077	55.0
53086	0
53108	-120.0
53120	-5.0
53181	-10.0
53248	35.0
53312	55.0
53431	-20.0
53464	-50.0
53574	30.0
53619	-35.0
53622	0
53663	-135.0
53694	-5.0
53702	-120.0
53778	25.0
53798	20.0
53841	65.0
53888	50.0
53931	-40.0
53964	20.0
54001	-95.0
54016	-30.0
54032	15.0
54074	5.0
54083	-65.0
54103	-105.0
54119	-60.0
54126	10.0
54179	40.0
54278	45.0
54290	-75.0
54316	-115.0
54389	-30.0
54401	-5.0
54438	-65.0
54494	-120.0
54501	-10.0
54509	-105.0
54542	10.0
54590	-5.0
54616	30.0
54629	-60.0
54652	-100.0
54686	-55.0
54698	10.0
54724	20.0
54743	0.0
54752	-45.0
54807	20.0
54816	20.0
54972	15.0
54978	-50.0
54989	-60.0
55048	-50.0
55062	20.0
55070	-40.0
55075	0
55099	0
55146	5.0
55149	0
55195	-50.0
55233	0.0
55264	0.0
55275	-80.0
55300	15.0
55361	-45.0
55364	0
55444	0.0
55450	15.0
55491	5.0
55494	0
55566	15.0
55575	-40.0
55616	-120.0
55760	65.0
55901	90.0
56015	-45.0
56023	-105.0
56103	25.0
56170	-55.0
56228	-20.0
56374	55.0
56393	-110.0
56428	-100.0
56453	-5.0
56499	25.0
56570	-40.0
56578	10.0
56586	15.0
56609	10.0
56612	-120.0
56758	105.0
56777	15.0
56822	-20.0
56829	-50.0
56839	5.0
56843	10.0
56869	10.0
56955	50.0
56967	-100.0
56989	25.0
56995	-40.0
57046	5.0
57073	-120.0
57089	-50.0
57096	10.0
57107	0.0
57146	-15.0
57156	-60.0
57249	-120.0
57256	-55.0
57277	-35.0
57367	10.0
57483	75.0
57511	-40.0
57538	-90.0
57569	25.0
57601	25.0
57605	-110.0
57616	-10.0
57642	35.0
57670	0.0
57702	-10.0
57726	10.0
57754	-75.0
57765	5.0
57772	-55.0
57798	35.0
57843	-20.0
57958	25.0
58006	10.0
58078	-130.0
58126	10.0
58132	-30.0
58152	-70.0
58208	15.0
58349	85.0
58479	-35.0
58505	20.0
58517	-100.0
58548	55.0
58623	70.0
58666	-50.0
58679	-110.0
58772	15.0
58857	55.0
58903	15.0
58980	-55.0
59024	-60.0
59050	25.0
59167	45.0
59260	-20.0
59289	15.0
59295	-60.0
59415	50.0
59491	80.0
59504	30.0
59518	-15.0
59528	-50.0
59622	35.0
59624	-120.0
59633	5.0
59775	-70.0
59787	-90.0
59813	-120.0
59842	15.0
59873	-50.0
59900	25.0
59907	-55.0
59987	45.0
60012	20.0
60039	40.0
60152	20.0
60166	0.0
60199	-40.0
60228	-110.0
60239	5.0
60293	15.0
60309	15.0
60312	0
60336	20.0
60442	-90.0
60446	-110.0
60570	35.0
60605	-10.0
60612	-25.0
60643	-50.0
60671	15.0
60682	15.0
60729	0.0
60777	-65.0
60783	5.0
60834	60.0
60869	-130.0
60883	5.0
60890	-55.0
60935	45.0
60992	0.0
61019	30.0
61042	-40.0
61061	-120.0
61094	25.0
61112	-95.0
61125	5.0
61132	-50.0
61137	-60.0
61205	-30.0
61231	-55.0
61256	-30.0
61399	20.0
61466	-160.0
61485	-45.0
61498	10.0
61526	-30.0
61581	15.0
61601	-45.0
61604	5.0
61660	20.0
61688	-35.0
61694	5.0
61702	5.0
61717	15.0
61771	0.0
61797	-55.0
61807	-80.0
61863	-30.0
61919	10.0
61923	-110.0
61948	45.0
61961	-55.0
61970	25.0
61988	-40.0
62094	-35.0
62102	5.0
62192	-25.0
62290	35.0
62434	90.0
62464	25.0
62496	-105.0
62596	-20.0
62624	-80.0
62636	-40.0
62702	70.0
62728	-35.0
62773	-75.0
62906	-60.0
62934	-10.0
62942	-50.0
62947	-55.0
62951	-60.0
62989	-45.0
63015	20.0
63039	-10.0
63124	75.0
63136	10.0
63141	-5.0
63161	-10.0
63174	10.0
63201	-45.0
63273	-15.0
63300	15.0
63303	0
63331	-15.0
63340	-115.0
63380	5.0
63416	10.0
63446	-90.0
63451	10.0
63480	-115.0
63511	-55.0
63602	-25.0
63615	10.0
63627	-45.0
63640	-50.0
63714	30.0
63723	-120.0
63763	-45.0
63810	-55.0
63815	0
63841	-30.0
63848	0
63861	5.0
63893	-145.0
63906	-25.0
63933	-30.0
63963	-25.0
63975	-5.0
64074	20.0
64146	45.0
64155	-60.0
64161	-60.0
64166	-50.0
64198	-105.0
64210	5.0
64225	-95.0
64251	5.0
64258	-45.0
64327	70.0
64338	-145.0
64343	5.0
64383	15.0
64401	-110.0
64425	-60.0
64488	30.0
64498	-10.0
64505	-50.0
64615	60.0
64693	-80.0
64695	-120.0
64739	45.0
64771	45.0
64775	-5.0
64853	-145.0
64867	0.0
64881	-45.0
64934	75.0
64948	0
64967	5.0
64994	-55.0
65011	-30.0
65096	40.0
65140	-5.0
65156	-115.0
65159	-120.0
65180	25.0
65182	0
65306	15.0
65351	25.0
65358	-60.0
65362	-30.0
65440	45.0
65456	25.0
65472	-80.0
65482	-40.0
65519	-10.0
65622	5.0
65690	0.0
65694	0
65717	-115.0
65729	-55.0
65759	-45.0
65765	-100.0
65780	-55.0
65824	-95.0
65898	-30.0
65954	-60.0
65967	-110.0
66001	-35.0
66045	-120.0
66076	-95.0
66122	-50.0
66142	20.0
66149	-115.0
66154	0
66163	-115.0
66167	-65.0
66207	-40.0
66212	-110.0
66215	10.0
66234	10.0
66244	-25.0
66334	50.0
66342	5.0
66382	-5.0
66404	20.0
66453	25.0
66456	-110.0
66546	60.0
66592	-45.0
66604	-60.0
66632	25.0
66656	-80.0
66693	30.0
66699	-15.0
66706	-130.0
66753	-5.0
66819	85.0
66964	125.0
66980	20.0
66993	-65.0
67004	-100.0
67041	30.0
67054	5.0
67078	-40.0
67083	10.0
67145	60.0
67178	-125.0
67201	-10.0
67229	-115.0
67249	20.0
67325	-55.0
67338	10.0
67371	45.0
67380	-20.0
67393	-120.0
67402	-60.0
67413	-110.0
67478	-75.0
67525	-65.0
67602	65.0
67636	40.0
67642	5.0
67653	-115.0
67663	10.0
67708	5.0
67714	25.0
67826	-75.0
67837	-5.0
67847	-125.0
67896	40.0
67921	-35.0
68001	-85.0
68074	-25.0
68080	-30.0
68140	35.0
68181	-15.0
68193	-100.0
68242	70.0
68320	55.0
68330	-100.0
68465	70.0
68477	-55.0
68480	-120.0
68512	-100.0
68565	-105.0
68591	-20.0
68637	30.0
68648	0.0
68716	35.0
68720	-55.0
68761	0.0
68773	-105.0
68778	-5.0
68821	45.0
68930	25.0
68992	-40.0
69016	-40.0
69115	-60.0
69143	-45.0
69192	35.0
69337	115.0
69344	0
69397	-90.0
69400	-110.0
69429	35.0
69468	-15.0
69484	35.0
69516	-30.0
69621	90.0
69634	20.0
69642	-50.0
69710	-55.0
69740	65.0
69746	10.0
69888	30.0
69936	40.0
69960	-80.0
70023	-20.0
70031	-45.0
70077	-25.0
70147	0.0
70182	15.0
70212	30.0
70250	15.0
70256	10.0
70276	30.0
70324	40.0
70401	-65.0
70414	-40.0
70464	50.0
70478	-95.0
70482	-110.0
70494	-105.0
70537	20.0
70583	-45.0
70635	15.0
70639	-50.0
70642	-60.0
70648	-5.0
70672	-20.0
70684	0.0
70776	75.0
70781	0.0
70793	5.0
70880	-20.0
70888	-55.0
70940	25.0
70949	10.0
71097	105.0
71110	-55.0
71187	-100.0
71202	5.0
71212	-10.0
71216	-110.0
71278	40.0
71378	50.0
71425	30.0
71430	0.0
71448	-45.0
71466	5.0
71513	-20.0
71578	-75.0
71601	-80.0
71702	70.0
71858	110.0
71887	-15.0
71962	45.0
71976	5.0
72110	65.0
72117	-10.0
72176	60.0
72267	90.0
72278	-75.0
72385	-85.0
72463	65.0
72473	-120.0
72570	65.0
72578	-45.0
72591	-95.0
72645	30.0
72657	-50.0
72747	55.0
72757	5.0
72767	0
72839	85.0
72906	0.0
72913	15.0
72935	15.0
72945	0.0
73071	-20.0
73102	-20.0
73152	25.0
73202	-45.0
73209	10.0
73231	-105.0
73340	15.0
73349	-5.0
73394	-20.0
73465	5.0
73504	55.0
73509	-40.0
73560	-25.0
73597	70.0
73622	-65.0
73674	-10.0
73796	55.0
73816	-95.0
73880	-20.0
73884	-5.0
73910	-110.0
73935	25.0
73945	5.0
73948	0
74004	-90.0
74039	10.0
74122	10.0
74131	-50.0
74224	55.0
74258	-35.0
74333	15.0
74348	40.0
74357	15.0
74402	-55.0
74438	25.0
74456	-10.0
74499	30.0
74502	-60.0
74511	-125.0
74550	-70.0
74561	10.0
74592	5.0
74642	-30.0
74648	-55.0
74705	30.0
74782	-20.0
74806	10.0
74829	-35.0
74837	5.0
74901	-15.0
74912	0.0
74949	20.0
74960	5.0
74999	30.0
75147	80.0
75180	0.0
75196	-25.0
75215	25.0
75262	45.0
75311	-95.0
75324	0
75369	45.0
75396	30.0
75475	-35.0
75483	5.0
75495	0
75509	-5.0
75537	-60.0
75575	-30.0
75680	50.0
75725	-50.0
75735	-40.0
75828	35.0
75855	55.0
75880	20.0
75887	-50.0
76032	-35.0
76154	115.0
76165	-60.0
76213	-40.0
76354	45.0
76377	-45.0
76406	10.0
76418	5.0
76470	-60.0
76474	0
76541	85.0
76552	-10.0
76576	0.0
76581	0
76615	25.0
76705	-30.0
76718	0
76731	5.0
76736	0
76767	45.0
76775	0
76781	10.0
76845	65.0
76857	-55.0
76976	60.0
77021	40.0
77036	-60.0
77048	-55.0
77060	-40.0
77104	-5.0
77170	-40.0
77234	-50.0
77248	5.0
77255	10.0
77261	-110.0
77322	20.0
77407	20.0
77525	100.0
77531	-85.0
77540	10.0
77589	65.0
77597	5.0
77602	-120.0
77653	20.0
77748	5.0
77863	-5.0
77871	10.0
77878	-25.0
77949	15.0
78001	-105.0
78112	70.0
78122	20.0
78127	-50.0
78137	5.0
78217	85.0
78227	-60.0
78255	30.0
78311	50.0
78328	25.0
78413	-5.0
78440	-5.0
78593	90.0
78605	10.0
78626	-50.0
78645	30.0
78650	-125.0
78751	35.0
78843	-45.0
78889	-60.0
78894	-5.0
78983	35.0
78992	5.0
79060	60.0
79105	0.0
79134	-40.0
79164	10.0
79194	40.0
79316	-10.0
79331	40.0
79360	15.0
79440	65.0
79460	-95.0
79488	35.0
79610	-25.0
79643	5.0
79802	110.0
79839	60.0
79845	-55.0
79908	-30.0
79955	-25.0
79978	-100.0
80005	-5.0
80012	-20.0
80034	0.0
80062	35.0
80073	-40.0
80083	-15.0
80134	-15.0
80140	-110.0
80166	-50.0
80273	65.0
80278	0
80291	0.0
80335	-45.0
80343	5.0
80436	40.0
80466	20.0
80479	10.0
80486	0
80493	-50.0
80507	-40.0
80524	10.0
80531	-50.0
80544	-10.0
80575	45.0
80577	0
80622	25.0
80633	5.0
80637	-55.0
80658	10.0
80730	30.0
80749	5.0
80784	20.0
80934	60.0
80941	-50.0
80956	15.0
80966	5.0
80986	25.0
81001	15.0
81105	-10.0
81146	-20.0
81210	-85.0
81218	5.0
81287	45.0
81318	-75.0
81472	95.0
81505	-35.0
81511	-45.0
81515	-115.0
81530	25.0
81552	-15.0
81574	-105.0
81600	25.0
81605	-50.0
81628	0.0
81749	-65.0
81754	-10.0
81768	-40.0
81918	115.0
81944	40.0
81955	0.0
82001	-40.0
82102	40.0
82145	15.0
82199	85.0
82323	35.0
82345	35.0
82350	-110.0
82391	-85.0
82449	35.0
82475	60.0
82563	-20.0
82680	-80.0
82764	45.0
82803	55.0
82846	-80.0
82896	25.0
82939	25.0
83066	5.0
83093	15.0
83131	-45.0
83199	65.0
83208	10.0
83252	-95.0
83359	45.0
83485	-55.0
83586	60.0
83616	25.0
83624	20.0
83667	30.0
83814	55.0
83830	25.0
83840	10.0
83909	-30.0
83920	10.0
83934	10.0
83970	55.0
83991	50.0
84013	0.0
84090	-30.0
84097	-10.0
84105	-25.0
84140	20.0
84214	70.0
84255	35.0
84281	35.0
84337	60.0
84348	0.0
84354	-55.0
84380	40.0
84474	55.0
84543	-25.0
84555	0.0
84562	15.0
84569	10.0
84575	20.0
84598	15.0
84647	-90.0
84651	-110.0
84654	0
84663	-50.0
84725	-45.0
84738	15.0
84757	15.0
84768	-5.0
84813	20.0
84816	-60.0
84819	0
84831	-10.0
84946	15.0
84954	-115.0
85104	50.0
85127	10.0
85135	0.0
85176	25.0
85223	25.0
85273	-20.0
85280	-115.0
85347	105.0
85359	10.0
85419	40.0
85432	-15.0
85464	-135.0
85469	-120.0
85483	-110.0
85598	20.0
85709	85.0
85740	10.0
85769	-105.0
85819	15.0
85916	-35.0
86001	-65.0
86010	0.0
86078	40.0
86104	35.0
86245	115.0
86252	-120.0
86262	-60.0
86333	30.0
86463	65.0
86471	5.0
86549	55.0
86553	-125.0
86565	-130.0
86590	-35.0
86627	-10.0
86728	-70.0
86753	65.0
86762	-60.0
86766	-50.0
86808	70.0
86851	45.0
86875	30.0
86920	20.0
86934	10.0
87020	-50.0
87070	20.0
87107	25.0
87120	-20.0
87200	10.0
87212	-120.0
87218	-25.0
87226	-65.0
87239	-80.0
87349	60.0
87472	20.0
87544	20.0
87584	-100.0
87597	-60.0
87732	40.0
87740	10.0
87885	115.0
87969	55.0
87978	-5.0
88090	80.0
88095	-120.0
88183	85.0
88300	30.0
88329	0.0
88474	150.0
88482	10.0
88627	150.0
88715	30.0
88726	5.0
88817	5.0
88939	115.0
88951	-105.0
89052	90.0
89082	20.0
89108	-30.0
89152	-10.0
89201	-40.0
89210	-15.0
89283	70.0
89300	-95.0
89402	55.0
89471	70.0
89532	55.0
89540	10.0
89603	-25.0
89677	-35.0
89707	-75.0
89734	-25.0
89816	60.0
89855	-30.0
89883	-20.0
89906	15.0
89954	-130.0
89977	-100.0
90001	-25.0
90118	60.0
90200	60.0
90220	-10.0
90226	-25.0
90248	-55.0
90339	100.0
90413	35.0
90423	35.0
90494	-15.0
90524	35.0
90547	5.0
90558	-105.0
90594	-60.0
90619	-40.0
90646	25.0
90692	75.0
90698	0.0
90713	-55.0
90721	15.0
90781	55.0
90790	-115.0
90801	-55.0
90868	20.0
90882	10.0
90896	25.0
90915	15.0
90944	10.0
90960	20.0
91003	30.0
91046	-85.0
91109	25.0
91134	15.0
91139	-5.0
91148	5.0
91166	15.0
91204	-85.0
91243	-30.0
91272	-120.0
91422	55.0
91431	-5.0
91456	15.0
91468	30.0
91501	30.0
91526	60.0
91677	95.0
91723	-10.0
91755	30.0
91803	35.0
91835	20.0
91934	40.0
91957	-110.0
91996	100.0
92002	-60.0
92018	45.0
92029	5.0
92072	30.0
92097	20.0
92127	10.0
92284	110.0
92297	0.0
92327	0.0
92369	-35.0
92459	-5.0
92514	-40.0
92560	-20.0
92570	15.0
92577	-55.0
92624	40.0
92657	30.0
92664	0
92667	-120.0
92675	5.0
92711	-5.0
92716	10.0
92832	-35.0
92895	0.0
92940	0.0
92960	-90.0
93023	30.0
93029	0.0
93075	-110.0
93087	0.0
93209	125.0
93274	45.0
93355	75.0
93393	-45.0
93501	75.0
93526	-30.0
93535	5.0
93562	30.0
93567	-60.0
93591	10.0
93601	-120.0
93641	55.0
93684	-25.0
93712	15.0
93751	-15.0
93851	70.0
93940	30.0
93952	-55.0
94014	-25.0
94112	20.0
94162	-90.0
94168	0.0
94260	80.0
94299	-115.0
94326	20.0
94397	-85.0
94416	25.0
94478	-45.0
94490	25.0
94552	45.0
94582	-25.0
94598	30.0
94626	-45.0
94636	15.0
94641	-120.0
94660	-20.0
94669	-45.0
94677	5.0
94709	-50.0
94715	-55.0
94730	5.0
94767	45.0
94794	35.0
94855	15.0
94995	110.0
95008	-100.0
95056	-70.0
95126	-40.0
95156	25.0
95257	90.0
95269	-40.0
95295	-45.0
95317	30.0
95447	120.0
95458	-45.0
95516	25.0
95522	0.0
95548	15.0
95573	40.0
95595	35.0
95601	-30.0
95615	10.0
95630	10.0
95780	80.0
95817	-5.0
95887	85.0
95913	-60.0
95959	-70.0
95996	35.0
96001	-25.0
96081	0.0
96228	0.0
96256	15.0
96289	-65.0
96341	-100.0
96346	0
96354	-120.0
96469	85.0
96533	60.0
96537	0
96596	-20.0
96629	-35.0
96665	45.0
96680	0.0
96694	15.0
96700	-115.0
96710	10.0
96714	-65.0
96852	135.0
96867	30.0
96894	-10.0
96902	10.0
96915	5.0
96927	5.0
96949	0.0
96964	-55.0
96971	5.0
96993	-100.0
97135	45.0
97234	65.0
97238	-60.0
97288	-40.0
97295	-15.0
97298	-10.0
97374	60.0
97387	5.0
97469	-10.0
97531	55.0
97538	15.0
97551	0.0
97560	15.0
97571	-40.0
97595	40.0
97656	40.0
97665	15.0
97672	0
97684	5.0
97693	15.0
97699	-10.0
97706	-60.0
97786	30.0
97816	45.0
97822	5.0
97869	-35.0
97883	15.0
97954	50.0
98075	105.0
98081	-60.0
98176	40.0
98181	-60.0
98281	25.0
98428	75.0
98461	-95.0
98484	5.0
98495	5.0
98576	65.0
98654	95.0
98684	50.0
98712	20.0
98734	-30.0
98756	-10.0
98800	35.0
98814	15.0
98837	50.0
98927	100.0
99021	-65.0
99030	-15.0
99073	35.0
99099	15.0
99152	-25.0
99168	20.0
99225	35.0
99237	-40.0
99244	5.0
99253	-20.0
99261	5.0
99395	90.0
99399	-105.0
99459	60.0
99529	35.0
99559	20.0
99567	15.0
99576	10.0
99602	-90.0
99612	-10.0
99618	0.0
99625	5.0
99648	-95.0
99675	20.0
99698	-10.0
99711	20.0
99719	-40.0
99725	0.0
99747	-25.0
99822	-15.0
99832	10.0
99880	-50.0
99886	-25.0
99936	60.0
99969	20.0
100092	45.0
100200	130.0
100207	-60.0
100307	50.0
100401	35.0
100410	10.0
100443	35.0
100477	-100.0
100517	45.0
100582	55.0
100640	35.0
100654	10.0
100672	45.0
100719	20.0
100785	20.0
100810	-25.0
100826	15.0
100871	-10.0
100892	10.0
100963	50.0
100991	50.0
101039	-35.0
101064	55.0
101076	5.0
101085	10.0
101093	15.0
101160	40.0
101185	40.0
101199	-45.0
101259	85.0
101402	165.0
101554	190.0
101561	-10.0
101569	-115.0
101572	-55.0
101601	-40.0
101610	5.0
101648	-80.0
101669	-15.0
101717	-10.0
101746	25.0
101753	-25.0
101834	0.0
101865	10.0
101986	20.0
101991	-100.0
102017	25.0
102021	5.0
102043	20.0
102072	5.0
102097	-45.0
102144	20.0
102193	30.0
102199	-50.0
102229	-75.0
102250	-90.0
102296	40.0
102305	-5.0
102317	-110.0
102363	45.0
102390	15.0
102402	-110.0
102413	10.0
102456	-80.0
102497	-75.0
102507	0
102647	115.0
102673	-30.0
102722	35.0
102777	-55.0
102784	-10.0
102796	-60.0
102802	-5.0
102865	30.0
102897	-30.0
102905	5.0
102926	-85.0
102932	-55.0
102961	-5.0
102980	-40.0
102989	-15.0
103041	25.0
103059	10.0
103086	-65.0
103091	-10.0
103129	30.0
103135	0.0
103139	10.0
103203	-10.0
103262	15.0
103347	80.0
103406	25.0
103411	0.0
103479	-95.0
103627	85.0
103634	-45.0
103662	-110.0
103670	0.0
103746	-60.0
103783	30.0
103830	20.0
103890	-100.0
103969	75.0
104014	-80.0
104072	45.0
104107	-25.0
104113	-110.0
104206	75.0
104271	-90.0
104336	-45.0
104362	-85.0
104376	5.0
104382	0.0
104441	35.0
104555	55.0
104568	-25.0
104575	5.0
104585	5.0
104667	10.0
104751	-125.0
104779	-35.0
104884	-50.0
104970	80.0
104979	25.0
104998	25.0
105077	70.0
105119	20.0
105177	50.0
105201	-75.0
105209	-75.0
105215	0.0
105226	20.0
105238	-45.0
105243	-120.0
105248	0
105260	-55.0
105283	15.0
105292	30.0
105352	-70.0
105493	160.0
105508	25.0
105537	5.0
105585	-10.0
105629	50.0
105636	-10.0
105648	0
105661	0.0
105710	-25.0
105714	-55.0
105737	10.0
105761	50.0
105769	10.0
105853	40.0
105896	15.0
106007	100.0
106022	-45.0
106035	0
106064	20.0
106077	10.0
106123	-80.0
106153	-45.0
106240	20.0
106249	5.0
106353	75.0
106379	15.0
106405	10.0
106450	-30.0
106462	20.0
106500	30.0
106559	20.0
106691	90.0
106726	-5.0
106825	35.0
106853	15.0
106862	0
106886	40.0
106973	110.0
107063	40.0
107068	-145.0
107133	20.0
107146	-55.0
107152	0.0
107162	10.0
107224	55.0
107230	0.0
107241	-25.0
107307	25.0
107324	-10.0
107336	5.0
107344	10.0
107374	-10.0
107386	0.0
107391	-5.0
107440	-40.0
107539	80.0
107552	-50.0
107567	20.0
107578	0.0
107728	130.0
107824	-35.0
107882	-25.0
107927	85.0
107935	5.0
107982	-105.0
107996	-110.0
108041	-25.0
108045	-55.0
108162	75.0
108259	5.0
108388	75.0
108438	40.0
108523	-65.0
108536	10.0
108577	35.0
108656	50.0
108684	-60.0
108692	10.0
108694	-60.0
108735	-35.0
108741	-55.0
108757	-45.0
108767	20.0
108788	-115.0
108810	-75.0
108838	55.0
108849	5.0
108902	5.0
108912	-105.0
108924	-55.0
108930	0.0
109073	140.0
109187	55.0
109192	-5.0
109259	5.0
109291	15.0
109303	25.0
109319	10.0
109324	-60.0
109364	0.0
109375	10.0
109401	30.0
109415	-25.0
109532	90.0
109569	50.0
109614	55.0
109732	40.0
109853	-25.0
109889	-95.0
109946	30.0
109959	-120.0
109988	-125.0
110011	25.0
110087	85.0
110100	5.0
110105	0.0
110115	10.0
110193	-90.0
110195	-60.0
110233	-15.0
110249	5.0
110278	30.0
110290	5.0
110310	-65.0
110325	5.0
110345	10.0
110377	40.0
110528	105.0
110626	60.0
110633	-20.0
110646	-25.0
110673	15.0
110687	-60.0
110692	0.0
110707	-45.0
110727	35.0
110791	0.0
110796	-5.0
110853	30.0
110858	-5.0
110887	25.0
110984	80.0
110992	-15.0
111000	15.0
111028	-100.0
111151	30.0
111176	20.0
111204	-5.0
111301	25.0
111306	0.0
111337	5.0
111420	5.0
111445	-100.0
111476	30.0
111487	25.0
111630	200.0
111639	10.0
111759	100.0
111822	60.0
111830	5.0
111836	-55.0
111867	35.0
111894	-5.0
111939	0.0
111945	-60.0
111986	0.0
112038	-10.0
112173	40.0
112177	0
112226	10.0
112267	35.0
112278	25.0
112289	-5.0
112308	-45.0
112313	-55.0
112336	20.0
112342	0.0
112370	10.0
112398	25.0
112442	-90.0
112451	-100.0
112477	-35.0
112511	20.0
112524	-55.0
112602	20.0
112607	-5.0
112637	45.0
112667	35.0
112705	20.0
112742	0.0
112751	15.0
112760	-45.0
112821	20.0
112951	60.0
113063	-50.0
113069	-60.0
113079	30.0
113137	35.0
113146	0.0
113291	135.0
113302	-5.0
113321	30.0
113373	15.0
113399	-70.0
113405	-60.0
113410	-120.0
113501	-10.0
113514	0
113572	-55.0
113598	15.0
113609	-20.0
113614	-5.0
113662	40.0
113671	10.0
113721	25.0
113784	5.0
113802	-35.0
113825	25.0
113863	-65.0
113869	0.0
113897	-10.0
113967	50.0
114005	0.0
114083	-90.0
114135	0.0
114142	5.0
114276	20.0
114280	5.0
114285	5.0
114331	75.0
114433	70.0
114453	45.0
114469	-45.0
114582	25.0
114593	-100.0
114645	-40.0
114653	-55.0
114678	-40.0
114702	-55.0
114733	10.0
114797	10.0
114822	15.0
114855	20.0
114863	5.0
114870	-45.0
114979	85.0
114993	-55.0
115036	-90.0
115105	70.0
115116	10.0
115126	5.0
115183	45.0
115228	0.0
115273	-75.0
115323	30.0
115335	10.0
115340	-5.0
115393	-5.0
115398	-50.0
115470	70.0
115480	-85.0
115523	-45.0
115530	-10.0
115597	20.0
115608	15.0
115619	-50.0
115685	-55.0
115695	-45.0
115706	20.0
115715	5.0
115758	50.0
115799	0.0
115829	-45.0
115873	-85.0
115886	35.0
115942	70.0
115955	-40.0
116000	-50.0
116007	-45.0
116062	-95.0
116108	-15.0
116163	10.0
116187	5.0
116222	-45.0
116270	30.0
116320	30.0
116383	25.0
116513	-15.0
116521	5.0
116604	90.0
116632	-5.0
116653	5.0
116714	25.0
116739	-65.0
116789	-55.0
116794	-60.0
116801	-55.0
116844	-40.0
116989	160.0
117068	-45.0
117106	30.0
117117	5.0
117167	15.0
117283	50.0
117385	30.0
117401	-15.0
117504	75.0
117538	35.0
117543	-5.0
117605	-65.0
117670	45.0
117675	-5.0
117703	25.0
117715	-120.0
117759	10.0
117871	80.0
117882	-50.0
117896	-85.0
117904	-40.0
117931	25.0
117987	35.0
118130	30.0
118138	5.0
118147	0.0
118231	-20.0
118265	10.0
118293	15.0
118314	-90.0
118345	5.0
118351	0.0
118421	15.0
118499	25.0
118525	-45.0
118548	5.0
118552	-55.0
118560	5.0
118606	-10.0
118613	5.0
118619	0.0
118661	-35.0
118809	120.0
118817	-5.0
118846	-40.0
118928	15.0
118994	40.0
119000	0.0
119007	-20.0
119046	-60.0
119097	-55.0
119110	10.0
119138	-130.0
119168	5.0
119179	-30.0
119206	20.0
119221	-95.0
119325	140.0
119333	10.0
119379	20.0
119443	-100.0
119500	60.0
119512	-95.0
119658	120.0
119661	0
119674	0
119771	-15.0
119785	0
119799	-50.0
119827	-125.0
119977	185.0
120049	20.0
120063	10.0
120071	5.0
120076	-60.0
120081	-60.0
120113	40.0
120141	25.0
120173	-50.0
120259	10.0
120292	20.0
120304	35.0
120317	15.0
120322	-5.0
120357	55.0
120424	85.0
120453	40.0
120471	-105.0
120513	-10.0
120522	10.0
120634	5.0
120710	-15.0
120801	50.0
120954	160.0
120976	25.0
121019	40.0
121085	-10.0
121144	-10.0
121260	30.0
121302	30.0
121323	-20.0
121336	-105.0
121368	15.0
121476	55.0
121565	-40.0
121612	10.0
121732	55.0
121754	-65.0
121826	75.0
121834	-105.0
121845	-5.0
121858	-90.0
121897	55.0
121905	10.0
121920	-100.0
121951	-30.0
122001	0.0
122003	0
122041	20.0
122076	-55.0
122146	60.0
122154	-95.0
122159	-50.0
122251	65.0
122311	-85.0
122327	25.0
122481	120.0
122511	-60.0
122523	-50.0
122567	5.0
122665	70.0
122697	20.0
122750	85.0
122815	-20.0
122965	180.0
123124	115.0
123154	-85.0
123158	5.0
123205	-70.0
123320	90.0
123324	-55.0
123335	-50.0
123343	10.0
123499	175.0
123565	75.0
123567	-120.0
123607	-45.0
123647	-10.0
123691	65.0
123698	0.0
123711	5.0
123719	10.0
123731	-35.0
123757	-85.0
123771	0.0
123785	10.0
123865	55.0
123871	0.0
123879	5.0
123886	5.0
123894	-5.0
123901	-50.0
123925	15.0
123957	20.0
123969	15.0
123994	30.0
124056	40.0
124063	-50.0
124077	-55.0
124098	40.0
124157	60.0
124223	-20.0
124321	90.0
124330	0
124476	115.0
124489	-25.0
124502	5.0
124659	120.0
124687	20.0
124690	0
124732	-5.0
124860	115.0
125018	110.0
125038	10.0
125049	-5.0
125063	-25.0
125074	5.0
125101	-15.0
125125	-40.0
125270	80.0
125302	25.0
125376	-75.0
125468	-35.0
125473	-55.0
125532	-70.0
125536	-55.0
125563	30.0
125568	15.0
125600	-10.0
125607	25.0
125619	-5.0
125641	-60.0
125756	110.0
125765	10.0
125780	20.0
125810	0.0
125848	5.0
125881	20.0
126036	125.0
126044	15.0
126087	35.0
126114	30.0
126174	35.0
126180	0.0
126271	130.0
126284	0.0
126291	0.0
126295	-55.0
126304	10.0
126384	60.0
126449	-45.0
126493	35.0
126497	-60.0
126523	50.0
126555	15.0
126569	-50.0
126675	-25.0
126708	10.0
126718	-65.0
126739	-45.0
126760	-85.0
126766	0.0
126927	170.0
126932	-5.0
126963	55.0
127018	5.0
127126	5.0
127139	-80.0
127159	-5.0
127168	-120.0
127180	10.0
127188	10.0
127201	15.0
127208	-50.0
127221	20.0
127286	30.0
127310	-55.0
127378	20.0
127446	40.0
127495	60.0
127519	-40.0
127523	-55.0
127570	0.0
127577	-10.0
127589	5.0
127601	-35.0
127616	-10.0
127629	0.0
127735	-5.0
127771	40.0
127856	60.0
127870	-45.0
127884	-55.0
127930	40.0
127942	5.0
127996	40.0
128000	5.0
128006	25.0
128016	15.0
128113	55.0
128136	-30.0
128147	15.0
128178	10.0
128218	45.0
128313	40.0
128327	0.0
128399	-105.0
128454	30.0
128517	75.0
128555	-95.0
128581	-15.0
128589	15.0
128603	15.0
128647	-30.0
128664	-5.0
128672	15.0
128718	55.0
128724	0.0
128755	25.0
128760	-5.0
128913	115.0
128937	20.0
129089	100.0
129097	20.0
129105	5.0
129147	15.0
129197	50.0
129230	-90.0
129232	-120.0
129261	-35.0
129268	-40.0
129282	15.0
129296	-25.0
129365	60.0
129414	5.0
129428	15.0
129515	20.0
129571	-10.0
129577	-60.0
129630	0.0
129643	-20.0
129763	20.0
129808	45.0
129830	15.0
129843	-5.0
129852	-65.0
129853	-120.0
129860	-60.0
129873	-120.0
129909	-25.0
130051	130.0
130182	10.0
130189	-20.0
130288	-90.0
130315	-25.0
130413	105.0
130425	35.0
130439	-5.0
130470	45.0
130525	-20.0
130623	45.0
130690	120.0
130749	90.0
130773	-40.0
130932	95.0
130955	-90.0
130964	-100.0
131022	10.0
131035	35.0
131041	0.0
131085	25.0
131134	75.0
131194	45.0
131199	-5.0
131207	10.0
131242	25.0
131250	5.0
131262	-10.0
131290	20.0
131293	0
131444	90.0
131522	20.0
131568	20.0
131584	-75.0
131635	50.0
131643	10.0
131664	-75.0
131694	20.0
131707	5.0
131741	20.0
131812	35.0
131846	-55.0
131867	5.0
131968	-45.0
132114	30.0
132147	35.0
132169	-40.0
132173	5.0
132181	-125.0
132223	40.0
132355	75.0
132414	60.0
132476	40.0
132567	120.0
132608	25.0
132673	60.0
132767	40.0
132817	40.0
132839	25.0
132865	-85.0
132870	-5.0
132883	30.0
132912	15.0
133055	155.0
133085	-90.0
133127	45.0
133133	10.0
133193	100.0
133203	35.0
133236	-25.0
133371	75.0
133452	-30.0
133497	15.0
133519	35.0
133631	145.0
133641	-115.0
133670	5.0
133701	-105.0
133713	45.0
133726	-35.0
133747	-45.0
133755	15.0
133828	30.0
133833	-5.0
133920	-5.0
134008	20.0
134110	10.0
134139	-55.0
134214	60.0
134314	85.0
134328	5.0
134336	0.0
134341	-5.0
134366	-50.0
134409	45.0
134451	20.0
134560	65.0
134644	90.0
134651	10.0
134717	-35.0
134723	0.0
134804	40.0
134828	-40.0
134832	-65.0
134875	-35.0
135019	170.0
135039	60.0
135048	10.0
135053	-60.0
135067	15.0
135175	55.0
135182	-10.0
135241	40.0
135271	65.0
135352	50.0
135366	20.0
135376	-15.0
135491	65.0
135553	15.0
135601	25.0
135752	205.0
135900	120.0
135904	-110.0
135918	-55.0
135959	30.0
135974	-75.0
135995	35.0
136002	15.0
136126	25.0
136128	-60.0
136136	-105.0
136200	-10.0
136219	0.0
136283	65.0
136327	5.0
136356	35.0
136410	40.0
136416	0.0
136423	0.0
136464	90.0
136493	5.0
136499	0.0
136505	0
136546	45.0
136553	0
136584	30.0
136619	55.0
136679	35.0
136693	5.0
136697	-50.0
136706	20.0
136742	0.0
136752	-55.0
136757	20.0
136801	-65.0
136819	20.0
136875	10.0
137024	180.0
137049	20.0
137104	-65.0
137126	-45.0
137274	85.0
137354	-45.0
137398	-70.0
137461	35.0
137472	-75.0
137570	-85.0
137579	5.0
137607	-95.0
137615	5.0
137680	-10.0
137771	-40.0
137828	70.0
137841	20.0
137901	50.0
137925	-100.0
137986	-40.0
138012	-25.0
138130	35.0
138180	45.0
138243	60.0
138279	35.0
138291	-30.0
138300	-40.0
138306	0
138322	5.0
138332	-100.0
138339	-10.0
138351	30.0
138363	5.0
138374	10.0
138384	-110.0
138448	-10.0
138454	0.0
138499	-15.0
138570	95.0
138655	50.0
138668	10.0
138743	90.0
138764	5.0
138853	100.0
138862	-50.0
138867	-125.0
138892	-40.0
138898	10.0
138927	-5.0
138937	-95.0
138997	35.0
139010	-5.0
139160	50.0
139310	80.0
139332	5.0
139344	-25.0
139445	-10.0
139463	-35.0
139474	-10.0
139623	145.0
139646	-60.0
139655	10.0
139684	-115.0
139699	5.0
139711	-60.0
139792	40.0
139800	5.0
139820	-120.0
139830	-50.0
139889	30.0
139911	-55.0
140050	75.0
140105	-70.0
140124	15.0
140133	5.0
140204	60.0
140212	15.0
140226	15.0
140252	-5.0
140262	0.0
140348	90.0
140353	-5.0
140366	20.0
140392	-70.0
140401	-115.0
140426	30.0
140492	5.0
140560	65.0
140601	0.0
140610	0.0
140764	95.0
140777	5.0
140807	-80.0
140868	65.0
140919	-75.0
140932	-35.0
140980	20.0
141005	45.0
141047	-15.0
141055	10.0
141087	55.0
141096	5.0
141140	-60.0
141184	25.0
141223	40.0
141290	50.0
141297	10.0
141343	50.0
141394	-30.0
141397	-10.0
141480	45.0
141504	10.0
141528	35.0
141686	45.0
141769	65.0
141846	40.0
141992	90.0
142000	5.0
142071	45.0
142100	20.0
142176	60.0
142185	20.0
142217	10.0
142224	-10.0
142229	0.0
142234	-120.0
142250	5.0
142263	10.0
142275	5.0
142302	5.0
142336	0.0
142364	25.0
142403	-30.0
142566	110.0
142580	20.0
142624	20.0
142634	10.0
142668	-90.0
142690	-50.0
142795	100.0
142854	40.0
142895	40.0
142963	-20.0
143045	10.0
143051	-50.0
143116	80.0
143188	80.0
143268	-15.0
143292	-15.0
143325	20.0
143386	35.0
143488	20.0
143545	75.0
143550	-25.0
143569	-40.0
143583	30.0
143657	10.0
143664	-10.0
143689	50.0
143699	-90.0
143713	0.0
143788	45.0
143813	5.0
143823	-100.0
143901	30.0
143978	-70.0
143989	20.0
144000	0.0
144029	70.0
144089	-10.0
144106	5.0
144134	20.0
144139	-40.0
144145	-55.0
144194	5.0
144213	10.0
144304	85.0
144388	55.0
144405	20.0
144415	-95.0
144514	-45.0
144543	-90.0
144552	10.0
144559	-60.0
144601	25.0
144609	0.0
144673	80.0
144782	80.0
144885	70.0
144952	30.0
144986	40.0
145086	15.0
145094	10.0
145123	10.0
145127	-50.0
145168	5.0
145181	35.0
145208	-70.0
145225	15.0
145231	10.0
145246	10.0
145261	15.0
145281	-35.0
145326	25.0
145378	-20.0
145392	-95.0
145477	-55.0
145527	50.0
145555	25.0
145577	25.0
145604	25.0
145635	25.0
145683	25.0
145691	10.0
145772	-55.0
145835	55.0
145897	70.0
145907	-95.0
146064	65.0
146070	35.0
146079	-5.0
146165	55.0
146251	-50.0
146270	30.0
146325	30.0
146396	-100.0
146401	-50.0
146442	-25.0
146515	-70.0
146581	-25.0
146583	0
146591	5.0
146596	-5.0
146737	135.0
146744	-110.0
146800	40.0
146860	85.0
146870	25.0
146876	0.0
146920	30.0
146928	-45.0
146941	35.0
146973	25.0
147044	-15.0
147193	115.0
147200	10.0
147258	5.0
147265	-55.0
147315	85.0
147327	10.0
147399	-10.0
147431	0.0
147471	-80.0
147491	-50.0
147500	10.0
147529	-50.0
147628	65.0
147652	-30.0
147661	-110.0
147669	20.0
147690	40.0
147704	0.0
147726	-5.0
147870	135.0
147913	-15.0
147926	5.0
147932	10.0
147936	-110.0
148090	105.0
148116	35.0
148149	-100.0
148158	30.0
148208	-40.0
148221	5.0
148227	-70.0
148348	-10.0
148401	0.0
148409	15.0
148540	65.0
148553	10.0
148659	130.0
148670	15.0
148680	-15.0
148730	50.0
148769	0.0
148810	5.0
148815	-5.0
148821	0.0
148898	-5.0
148927	10.0
149049	-25.0
149063	0.0
149075	-10.0
149179	-10.0
149244	-45.0
149352	65.0
149357	-5.0
149379	-50.0
149406	25.0
149500	-50.0
149521	-75.0
149530	-40.0
149681	90.0
149759	0.0
149913	105.0
149924	5.0
150014	45.0
150028	15.0
150034	0
150098	5.0
150135	-25.0
150141	-140.0
150150	-35.0
150165	35.0
150174	5.0
150212	-25.0
150237	55.0
150277	-95.0
150285	5.0
150300	10.0
150324	25.0
150335	15.0
150360	-45.0
150408	55.0
150420	-15.0
150470	70.0
150481	20.0
150494	-95.0
150521	-25.0
150579	55.0
150608	20.0
150621	-90.0
150633	10.0
150659	-50.0
150665	-55.0
150697	35.0
150709	-50.0
150867	115.0
150917	15.0
150990	20.0
151010	15.0
151023	-65.0
151036	35.0
151061	-20.0
151096	-45.0
151143	50.0
151154	-105.0
151167	-50.0
151287	100.0
151308	15.0
151452	170.0
151463	-20.0
151476	-40.0
151544	-65.0
151601	-35.0
151715	120.0
151738	-45.0
151860	45.0
151873	40.0
151881	-65.0
151889	5.0
151926	20.0
151956	-115.0
151962	-60.0
151968	0.0
151983	10.0
152001	-55.0
152047	75.0
152174	100.0
152181	-40.0
152204	20.0
152339	145.0
152369	30.0
152382	5.0
152417	20.0
152430	-115.0
152583	125.0
152625	-65.0
152665	20.0
152715	-40.0
152748	-45.0
152854	55.0
152865	-20.0
152879	-15.0
152891	10.0
152921	30.0
152944	30.0
152959	0.0
153021	-65.0
153065	-10.0
153095	20.0
153171	40.0
153193	60.0
153202	0
153211	-20.0
153249	-55.0
153287	-100.0
153391	-10.0
153481	-25.0
153504	-45.0
153510	0.0
153545	30.0
153557	-60.0
153636	-35.0
153647	5.0
153657	-55.0
153737	5.0
153767	10.0
153801	45.0
153816	25.0
153827	-10.0
153875	15.0
153913	60.0
153946	25.0
154050	-60.0
154060	10.0
154105	35.0
154114	30.0
154176	-35.0
154326	80.0
154331	-55.0
154381	-20.0
154389	10.0
154415	30.0
154548	50.0
154550	-60.0
154561	10.0
154567	10.0
154595	20.0
154604	15.0
154745	55.0
154854	25.0
154867	10.0
154900	-110.0
154915	0
154924	-5.0
154989	90.0
155033	-15.0
155081	30.0
155131	35.0
155187	15.0
155193	0.0
155222	-30.0
155235	20.0
155262	40.0
155271	-5.0
155284	-5.0
155408	100.0
155421	-15.0
155443	35.0
155472	10.0
155500	30.0
155513	-50.0
155529	40.0
155555	15.0
155561	0.0
155618	35.0
155622	-110.0
155672	25.0
155694	30.0
155761	45.0
155788	-75.0
155877	75.0
155975	95.0
155983	5.0
156127	5.0
156140	5.0
156169	-105.0
156181	-95.0
156293	35.0
156317	25.0
156356	-95.0
156395	-85.0
156401	-60.0
156458	65.0
156610	10.0
156711	90.0
156759	30.0
156797	-20.0
156816	-45.0
156880	70.0
156889	0.0
156996	90.0
157004	15.0
157017	-15.0
157088	55.0
157112	20.0
157154	-5.0
157166	15.0
157168	0
157180	-25.0
157218	30.0
157226	0
157240	10.0
157245	-100.0
157283	30.0
157299	30.0
157329	40.0
157414	65.0
157426	-105.0
157434	0.0
157439	-50.0
157497	50.0
157505	10.0
157589	-20.0
157601	-90.0
157648	50.0
157726	80.0
157874	160.0
157902	-25.0
157930	30.0
157938	15.0
157946	-65.0
157984	-40.0
158038	50.0
158100	85.0
158122	-55.0
158213	85.0
158291	-45.0
158332	5.0
158337	-5.0
158406	20.0
158556	135.0
158624	45.0
158688	65.0
158730	40.0
158822	60.0
158873	5.0
158929	-40.0
158955	20.0
159006	25.0
159017	-40.0
159050	0.0
159070	0.0
159096	30.0
159151	85.0
159164	-45.0
159315	165.0
159321	-45.0
159359	20.0
159373	25.0
159379	0.0
159398	0.0
159452	15.0
159464	-100.0
159490	-35.0
159511	-40.0
159520	10.0
159526	-55.0
159579	50.0
159606	20.0
159619	5.0
159665	20.0
159706	-15.0
159803	55.0
159879	40.0
159960	70.0
160015	35.0
160041	10.0
160053	10.0
160076	40.0
160082	0.0
160124	-100.0
160149	50.0
160157	10.0
160271	75.0
160333	-15.0
160372	-75.0
160421	65.0
160457	-20.0
160463	-50.0
160494	-30.0
160593	-55.0
160601	0.0
160667	50.0
160709	-45.0
160717	5.0
160765	40.0
160829	75.0
160882	-95.0
160886	-55.0
160894	10.0
160923	20.0
160954	35.0
161020	-15.0
161067	10.0
161215	75.0
161286	40.0
161417	-80.0
161450	0.0
161461	-50.0
161486	25.0
161506	20.0
161542	15.0
161556	-40.0
161567	10.0
161647	60.0
161713	0.0
161737	15.0
161750	15.0
161774	15.0
161786	0.0
161841	40.0
161852	-5.0
161910	25.0
161921	-25.0
161934	20.0
161940	-55.0
162093	145.0
162100	-60.0
162123	-85.0
162172	10.0
162238	-10.0
162280	25.0
162309	25.0
162461	105.0
162472	10.0
162478	0.0
162588	95.0
162615	20.0
162699	-10.0
162708	5.0
162729	-5.0
162746	5.0
162772	-20.0
162782	-45.0
162851	25.0
162894	55.0
162974	30.0
162978	-110.0
163018	55.0
163074	-35.0
163104	-10.0
163123	45.0
163132	0.0
163138	0.0
163183	20.0
163223	35.0
163233	-100.0
163257	-5.0
163280	45.0
163293	-100.0
163306	25.0
163314	0.0
163338	-40.0
163342	-50.0
163377	35.0
163398	20.0
163419	15.0
163490	-25.0
163536	10.0
163596	60.0
163601	-60.0
163609	15.0
163658	5.0
163742	0.0
163753	0
163762	-55.0
163774	-5.0
163782	0
163808	-20.0
163881	115.0
163939	45.0
163948	-50.0
163988	30.0
164032	20.0
164042	-40.0
164089	50.0
164231	85.0
164246	15.0
164325	15.0
164344	-55.0
164354	5.0
164399	15.0
164500	-35.0
164532	-45.0
164644	85.0
164743	100.0
164791	-20.0
164860	40.0
164958	15.0
165023	-85.0
165053	-50.0
165073	0.0
165078	-115.0
165087	0.0
165099	-60.0
165115	20.0
165125	-55.0
165234	40.0
165253	-90.0
165299	-25.0
165417	115.0
165429	-115.0
165508	20.0
165515	10.0
165531	-45.0
165558	-25.0
165565	-10.0
165636	60.0
165642	-120.0
165656	5.0
165708	-55.0
165717	5.0
165747	20.0
165830	-65.0
165838	-110.0
165848	-45.0
165857	-120.0
165863	-60.0
165947	60.0
165998	-100.0
166033	35.0
166069	25.0
166092	-45.0
166114	20.0
166175	0.0
166187	-60.0
166231	-10.0
166301	0.0
166330	15.0
166348	-55.0
166353	-5.0
166474	145.0
166613	25.0
166696	-10.0
166720	10.0
166740	25.0
166792	0.0
166903	35.0
166935	35.0
167027	85.0
167042	10.0
167062	20.0
167071	-45.0
167120	35.0
167260	120.0
167274	-5.0
167299	15.0
