54.095874402724895
49.9792986074009
50.56553132280137
53.96505420768279
54.80935985595447
56.44719274691119
53.13203316588319
51.64794810310721
52.7404998099789
53.686365532052164
53.219731563219746
52.01854655406329
52.92752317364385
51.4175436532595
52.68703821289281
53.187244241468186
53.22844888342767
53.39514719488769
53.21152423383765
53.67226836515739
54.04988861618121
53.77510016481857
53.58460613813263
53.43264661242203
53.59929488686699
54.088304281998326
53.53968109611142
54.232083098807855
54.54795928731528
54.18686406483849
54.27123408631919
54.3371904585643
55.15794834476096
54.76445435305084
54.96986148734753
55.41335709921512
56.04626213606049
56.6726451189432
56.78695856131392
57.15886777128087
57.15851436817514
57.593340766709275
57.79672416769371
57.97374904434321
57.79795175885647
58.063697170132755
58.590277686366704
58.371743525964256
58.87977454760611
58.5112118476077
58.90223591858348
59.0359041538079
59.41928509820656
59.554475524629346
59.82119501588008
60.03666908896842
59.814492783924024
60.03118764543154
60.12461214014851
60.235107604218285
60.5488717912043
60.64466733116167
60.737712064445006
60.57471997931453
60.71884360571616
60.9405480783276
61.03674331644076
61.05077677763954
61.350138161998395
61.549341016365084
61.47167914267479
61.65318990557405
61.77057832442111
61.98025169998789
61.96623195172253
62.289517714000965
62.57424349098115
62.87438172520758
63.02572808037501
63.13311581842344
63.4679830257132
63.75069411874763
63.83211789581348
64.09551243359026
64.11864594716934
64.34124318802998
64.3294767090269
64.16402972318762
64.278880936153
64.50846044584398
64.7000470311743
64.64496078180676
64.77264038923457
64.88171925989269
65.10852279172616
65.4202803387674
65.42856044498293
65.5523856755905
65.52719477377121
65.75647753627466
65.81062891185053
66.00835618899505
66.06301647463084
66.23318489947862
66.38641137695676
66.56145408359046
66.7471216013488
66.74989209011635
66.84851437287378
66.93272351288951
67.02996347657859
66.96438399314755
67.12181031583467
67.27824598085337
67.3598515386533
67.57346295907973
67.72145533093116
67.76057082205888
68.01948938272659
68.1631782366955
68.31642686352758
68.34000714338097
68.30040315454508
68.43377778174823
68.64855097707219
68.79206326126253
68.96330265291044
69.12132821005368
69.20810110621879
69.34805171615002
69.41617933598101
69.44931195331895
69.62756318700364
69.78089385368574
69.882014614701
69.99309178003399
69.99784117803543
70.03463188510902
70.21143186938953
70.30012020952906
70.33324021464864
70.39077373960616
70.54347129184777
70.6061362196559
70.73072684910211
70.80449543995879
70.87374998955949
71.04901214690572
71.10093788194433
71.20083659439888
71.25002043211386
71.3506833841293
71.41263897312975
71.48806684372465
71.56784018418303
71.68007740167143
71.75714394194526
71.74536529075198
71.86499453998607
71.88457467098196
71.94679361367795
71.96731608832754
72.07279257926072
72.1971578871988
72.15669588314647
72.15676722474558
72.108671760458
72.00344432092699
72.09421911266459
72.21610827955038
72.36666188887108
72.46877116910942
72.58089132160399
72.68795207249407
72.75676632737061
72.79353376441057
72.89509953901715
73.00003549175071
73.1052566823748
