3.915573359323164
4.792045495160986
4.741829935538343
4.8898956385579515
4.5746504680349
4.753156584308687
4.893632259767837
4.826574425015026
5.098796137783179
5.221758274992472
5.345592627207895
5.485860336378233
5.524815836998092
5.662504316021302
5.69572318396039
5.538066746279518
5.549282848352005
5.602799758391553
5.608029913917733
5.544553747031966
5.4907221905411845
5.588807854418768
5.623145778416738
5.5166748637212475
5.527273749887747
5.502115918481544
5.555712594417217
5.582040487980277
5.570558661507808
5.569011596176089
5.456236419364837
5.490465615119581
5.4872466160610305
5.540507738820125
5.552103519513964
5.527523360745372
5.63274921701665
5.672277406651845
5.678429952922155
5.720777906397501
5.736429291958936
5.751066083484513
5.732045084980591
5.778547874456258
5.7328092501044425
5.770682021180152
5.802103199256233
5.768597985757756
5.777356120949716
5.792373008935059
5.812480105234655
5.7926043239416645
5.793882649203012
5.7883382427032
5.782586239457198
5.7976269197449595
5.805297581383036
5.788986170544715
5.8162055397372345
5.829746214703694
5.785073414484303
5.772716947934865
5.786150968402444
5.79150832536386
5.838823173085208
5.821681336364352
5.827733401394274
5.856889408444683
5.8659654379139905
5.908417886258571
5.897103286828034
5.915473967669567
5.934041290826604
5.937890116538618
5.951183678792634
6.067301091012428
6.054169660895797
6.071973203692946
6.037428342308967
6.064417875502727
6.0398202865599515
6.0476083679480395
6.051742564967546
6.1731785737289435
6.233644359895736
6.209711539829092
6.2452837485825174
6.328846412061614
6.326683654811385
6.379511407069092
6.377917586381966
6.379470533882022
6.491227980551125
6.545230666315228
6.567941230926612
6.5804003830618285
6.657576280741476
6.65471623229793
6.699601764015814
6.700114826030325
6.813165542065082
6.81940192408739
6.851611918060029
6.8965001635478345
6.924060696628518
6.9383669771939225
6.963332002898828
7.011252269235837
7.039364292805628
7.0840235711815875
7.11887271666938
7.127084185294931
7.21255185103935
7.224392711303503
7.224455107484827
7.221210937463751
7.278526554557005
7.309144293346657
7.37989280363891
7.41775841787379
7.450549182391851
7.490178209347958
7.522010796927953
7.5746142395144505
7.59426974847166
7.626668785654128
7.632558916075391
7.621159462143461
7.622327533754829
7.654132018967404
7.670028406191087
7.693156643322886
7.683918407389941
7.758802721181654
7.815662887204009
7.813469289938992
7.846876783993439
7.8442551117831165
7.8935346576060565
7.926620732672312
7.926877328394489
7.939888238229597
7.920242204465577
7.907388859684305
7.924081275555411
7.947879579907825
7.971334912899454
7.989075776718623
8.016939844630624
8.03366607747302
8.061035680573704
8.062413663280159
8.069274384642915
8.081666919584222
8.10096947600098
8.079993187661932
8.07886136645804
8.09653890184382
8.087660152322231
8.080209728012663
8.081724768104946
8.103207274302232
8.128417482026878
8.12617081176485
8.107354590455142
8.112650358742936
8.115006164543185
8.115338672748527
8.100708512580752
8.085909050521419
8.094050798070011
8.10494676059528
8.109426608045554
8.1400321430146
8.134013029873444
8.161758536252988
8.160122393575644
8.157979583405945
8.149855092309213
8.163349793137195
8.166535742728614
8.148710715105898
8.124914059107299
8.119643450931358
8.160031674610332
8.183639372310802
8.192954922054856
8.182050351405364
8.200799129250269
8.202168125320483
8.222581577168112
8.227249013207002
8.225443499224541
8.250793087047581
8.274113224502312
8.316941518336042
8.319163010019567
8.329370594643562
8.343942317872099
8.331228547289749
8.392172993919065
8.392356695640968
8.378702157787082
8.384630159493991
8.36780102618427
8.39890076326501
8.478420158216132
8.497490876964841
8.560525570609121
8.571888791652688
8.56203513074847
8.5576546283517
8.593100085869267
8.595290072066248
8.633055336714197
8.661914929554488
8.659816745528328
5.59764354871985
5.221628684583892
5.309437322573469
5.608786098930713
5.590513123118075
5.6429194957804585
5.571589530038833
5.577481196731944
5.3075257532989495
5.244120109522712
5.37916595686457
5.3799944947239045
5.422367819992569
5.505216344542251
5.518971009837859
5.455612649376291
5.369531164499378
5.353792862066387
5.456284290076524
5.4950388276118645
5.484725183762748
5.609250529434076
5.574614953013036
5.550080804213511
5.5160683283462655
5.6677548373228825
5.630062418090988
5.580500505141438
5.52419747235789
5.490080216013047
5.509235350120704
5.498320749843293
5.462067217610692
5.424002012705155
5.412703563004172
5.360757157750632
5.352566396512348
5.349778916639991
5.381938364665526
5.4424095019666945
5.4847343478240775
5.480411787815494
5.564094681628881
5.53017803078006
5.565748072532048
5.622088239926764
5.669057514299092
5.664467552110811
5.683415685490463
5.6430951059755134
5.624653620903556
5.683133744203615
5.653488173812044
5.631343604235094
5.693361745351207
5.760883551872061
5.741487825703212
5.720638606013281
5.700655298026314
5.756406025999827
5.731285843097084
5.757037755135284
5.757912515874282
5.7464073010802945
5.788508221047438
5.827808035607764
5.815610062340144
5.816741244571392
5.798962758989856
5.820503377097684
5.800025612743773
5.8105668915743305
5.834385377399596
5.83089387721995
5.861593405884308
5.9234260844061435
5.90085379668605
5.923851560002909
5.954415415209644
5.928540032982826
5.949231015879845
5.935360808198064
5.938903884684246
5.9406238373183236
5.978761339947076
6.001946376537943
6.001800388904679
6.112014525021821
6.1520845204025365
6.154403569615198
6.196608073624773
6.188695329090347
6.20140557070821
6.2604511286297
6.288584470305496
6.319595810387302
6.337610547916489
6.367766447483038
6.452474922090571
6.510968145899371
6.534309698217229
6.572232717316032
6.561821449996304
6.618651197696578
6.629521884877058
6.768689230492047
6.8184853504216685
6.7959200149065495
6.852692335899527
6.879300579867664
6.911253375343691
6.944319083224589
6.951864452932659
6.93880459271595
6.982667180477291
7.040672155006099
7.059956180528552
7.0397271477297485
7.109261789128231
7.12652787179879
7.189810187610837
7.218075810925948
7.2251393369084225
7.245761758152947
7.283978033439951
7.289384016222583
7.322288698730263
7.35289692338615
7.3551615871227565
7.352443003584546
7.386771366611696
7.4160938416912545
7.462462677138315
7.4668839279338375
7.5460207370203785
7.574374525068923
7.55351000410226
7.586981625551799
7.618851826072493
7.627677949744688
7.672665748579178
7.690603222322806
7.676789372388914
7.713686206842664
7.720708023619309
7.749901767767815
7.765063438468674
7.750450616430353
7.736638918159544
7.782315468073029
7.79847770278068
7.819670126871589
7.84118360861126
7.862507045256297
7.876035224135038
7.893017062492887
7.904094475881961
7.950038547294146
7.972046749732906
7.987577924811282
8.01659238003865
8.02934729722776
8.031961121439723
8.031847779015894
8.031534766155389
8.026978553367941
8.042642989786701
8.061306889752602
8.074559622442854
8.094882119900053
8.112584443393889
8.124409609190867
8.152337210313057
8.206404618125772
8.195589490118003
8.198395712527985
8.215145579066252
8.215045214092065
8.238883242416518
8.231356399090231
8.229143125552906
8.213799100072963
8.224014009295889
8.260375166964124
8.268329387955049
8.29428832791863
8.325764373247667
8.361251846675506
8.387449100409127
8.398092015480337
8.399761868472662
8.43969037784991
8.483174090248998
8.472566890094337
8.482540267198523
8.494554215522177
8.511776300996603
8.50967822231955
8.536174310880037
8.550736542634008
8.571679102432771
8.603907917106671
8.594632075485995
8.621863867821155
8.650273536944232
8.679924955080347
8.683766281063402
8.70039899026206
8.711019169647107
8.727803203374627
8.743312858723526
8.75874806329181
8.815034356694149
8.816375350211343
8.811817699016606
8.826673856573459
8.83938596187954
8.844455116215318
8.856215427498125
8.87535659878424
8.924231374465002
8.917881544212753
8.99972864032443
8.989025707125403
9.002773074783125
9.008166620003886
9.004620674119048
9.037172485364442
9.040515582234598
9.0369111526457
9.057034197531147
9.058006485503086
9.059957354856659
9.11206086005765
9.153191152620327
9.201565328868472
9.195648764251485
9.212872237117866
9.217607436569365
9.237024652264834
9.25278400187124
9.25358708523095
9.257842693820862
9.273005570119269
9.288344992409337
9.324561065492635
9.315014496379533
9.339109267974427
9.356027094171882
9.36113790044416
9.41961063431679
9.41002277208627
9.417744541706888
9.446519662082212
9.466360422793816
9.471701002783506
9.492327397158348
9.528814592859561
9.542791249986202
9.552424544696777
9.610260264947277
9.611824915567212
9.633112041120029
9.656012353682272
9.718631333986732
9.738667205401288
9.740168682197966
9.75097131604161
9.776867715236596
9.800664338014034
9.807021138953871
9.818498348097753
9.810927668329063
9.8417985538107
9.873896524370657
9.873813672544387
9.858641499917294
9.879851903091955
9.888886648667281
9.888804088415327
9.919527819380942
9.931504795185285
9.936938455142636
9.925079827308156
9.930840760171213
9.930783735053007
9.97486480994371
10.008324213933431
10.01044855521905
10.026303362673957
10.030315551939236
10.02833079020142
10.035499223430586
10.033726945504519
10.042294349771785
10.063830819464455
10.071961139329252
10.086291499244934
10.135652261438933
10.132558227730232
10.156844291927957
10.164144292906204
10.196226966940653
10.210030872888217
10.230921623255096
10.222561955957609
10.246030754749428
10.26071725754074
10.262038338489415
10.265333407368981
10.290276742812845
10.285030956456131
10.296160509521126
10.298072434023634
10.30922425558747
10.31527369635176
10.327272872375543
10.371822797849138
10.376637208028058
10.41366738545679
10.428629056266635
10.42964632134455
10.447723206201083
10.447817951227238
10.471164036465156
10.460032086019968
10.48008556171999
10.50353938404827
10.531799968263744
10.550206936129154
10.555118789754609
10.567312779693443
10.59428925956957
10.60777043555248
10.635755676090682
10.657682730165371
10.669756791127844
10.674394280029887
10.691584358082105
10.705884333259682
10.715893640146648
10.716850954404999
10.711864007169417
10.717450815529022
10.731946562157072
10.775403274085829
10.771796381501765
10.767572175092328
10.781494444051994
10.78182933939803
10.776392821981318
10.781734329017514
10.799153067302477
10.830761310502268
10.824921764608657
10.83236587545667
10.840412302553526
10.84414982573569
10.881339201287407
10.905530434178209
10.917469421279009
10.926538598831854
10.927915506664172
10.9495808778047
10.95270238100294
10.94327817430618
10.935135423225658
10.95836681877418
10.968797122546842
10.966726561838916
10.974117530302616
10.999776883967527
10.99853785136845
11.022546187985242
11.021513470921642
11.018221624693169
11.014058737363486
11.006428983162195
11.008510206195826
11.011403055795814
11.03470904370803
11.044301642219875
11.049017834572954
11.061143412938264
11.083349505154237
11.07398735727496
11.084794738893306
11.085422943354558
11.097196760330084
11.09153159857053
11.094294488652206
11.095740223185599
11.104522402315387
11.110264278595878
11.123839225705032
11.130703914903432
11.131689535941879
11.146188305480784
11.15339656693479
11.164172744855927
11.153495553809964
11.163249362902137
11.161790545650353
11.166887266687278
11.182589166899145
11.183853840445803
11.202119069601082
11.207428925680917
11.214614803284451
11.214425131001828
11.231031521619135
11.242239423901404
11.255557053779544
11.2565616629771
11.256698642739007
11.253172547650133
11.254302795078411
11.255348108190933
11.26830758637532
11.28478711916723
11.284275743081613
11.282595520810434
11.28175505531808
11.286824576018974
11.292004553036257
11.326992712555366
11.33572653136005
11.336080910910786
11.332939615815016
11.330393336492024
11.330296335947203
11.345164766709427
11.36198166073517
11.375046970630274
11.366650221632216
11.38457247055771
11.383632393261612
11.378290363648599
11.388475716639286
11.40338375975588
11.403076987479297
11.401188298182536
11.403208735232845
11.434021530063308
11.436641949895424
11.4365336955602
11.453210079230255
11.454231979982621
11.451920657485571
11.475077732082372
11.474070560878525
11.477226165227794
11.479380418206445
11.48538465092639
11.478089445973229
11.477959781409552
11.487411334949925
11.49852834536365
11.496144121283267
11.503875337315186
11.51934129025556
11.529086368207684
11.545688455765946
11.555248290398222
11.552600339400412
11.552493281447356
11.564599998751008
11.572440469139597
11.58747469663311
11.6268312689115
11.633556544889176
11.637108276951901
11.633676282045988
11.648625823327917
11.653334401880986
11.655783672516952
11.644457916656743
11.644378972053515
11.635174467648927
11.642761024976208
11.646865133915469
11.654208746981194
11.654417772847875
11.65423370732529
11.66313536095696
11.67133628678321
11.6678514552386
11.675571598948341
11.698718103841808
11.706788665195488
11.705633726615732
11.723720342860561
11.721949537427024
11.718882730392739
11.735923947914397
11.73884145407929
11.743139696415414
11.753218278120704
11.759931974388913
11.764061340921637
11.767177518545662
11.789806998131187
11.812428978500966
11.822759260348485
11.820057634249753
11.827749852601018
11.82128966778938
11.822725168019478
11.822821785366711
11.827145396358626
11.823218317378974
11.837233257343966
11.851604147648752
11.846178978696903
11.844061481120502
11.854591784476519
11.871485992885242
11.863457871606158
11.882973082360651
11.886344268357814
11.882533043825283
11.900505095209132
11.898755075677826
11.889573238336512
11.914026955958724
11.93089241506696
11.918495818952533
11.919126419877118
11.922694921310974
11.919004801527699
11.92635944054107
11.915822516724734
11.908919417631097
11.919781352502442
11.925235638622409
11.92991494674751
11.927142972607646
11.938624997205412
11.938292223055635
11.938060957413361
11.933059266641306
11.946082908142852
