11	-35.0
18	-50.0
24	-25.0
29	5.0
31	-25.0
37	-65.0
39	-25.0
41	-30.0
62	-25.0
71	-20.0
86	-40.0
90	-25.0
96	10.0
100	10.0
113	-55.0
116	-40.0
126	-30.0
136	-10.0
138	-20.0
155	-5.0
156	-30.0
158	-25.0
159	-30.0
167	5.0
170	-10.0
177	-45.0
180	-35.0
189	-65.0
195	-40.0
201	-35.0
214	-15.0
221	5.0
230	-20.0
232	-25.0
246	-35.0
248	-30.0
255	-45.0
257	-15.0
261	-30.0
265	-20.0
283	25.0
288	-25.0
289	-30.0
312	-75.0
319	-20.0
321	0
323	-25.0
327	-30.0
346	-40.0
348	-25.0
350	-30.0
352	-35.0
362	-40.0
368	-25.0
378	-20.0
393	-45.0
401	-20.0
406	-35.0
414	-10.0
424	-20.0
431	-35.0
433	-35.0
442	-25.0
450	-20.0
452	-15.0
459	-20.0
467	-20.0
488	-25.0
490	-25.0
496	-30.0
498	-25.0
513	-25.0
516	-45.0
523	-60.0
529	-30.0
531	-25.0
548	20.0
550	-25.0
552	-30.0
573	-25.0
575	-15.0
577	-25.0
585	5.0
589	5.0
601	25.0
607	-10.0
617	-25.0
619	-30.0
626	15.0
628	-30.0
630	0
636	-5.0
640	-25.0
642	-25.0
645	-35.0
652	10.0
661	15.0
666	-10.0
669	-20.0
672	-30.0
675	-40.0
689	-15.0
692	-35.0
703	-35.0
705	-30.0
707	-25.0
713	-30.0
715	-25.0
726	30.0
729	-25.0
732	-40.0
747	20.0
753	-45.0
762	-40.0
764	-30.0
773	-25.0
789	-5.0
792	-20.0
806	-20.0
808	-30.0
829	-35.0
835	-30.0
839	-35.0
850	-40.0
853	-25.0
855	-25.0
866	5.0
872	-10.0
874	-20.0
877	5.0
880	-25.0
883	-20.0
884	-30.0
894	-40.0
908	-20.0
930	0.0
933	-20.0
939	10.0
947	-10.0
955	15.0
959	-30.0
983	-25.0
998	-25.0
1005	-15.0
1009	-35.0
1017	-15.0
1019	-30.0
1025	-35.0
1032	-25.0
1034	-30.0
1039	-5.0
1050	-5.0
1055	-35.0
1063	-15.0
1083	15.0
1092	-35.0
1103	-50.0
1106	10.0
1109	5.0
1118	-45.0
1119	-30.0
1127	5.0
1135	-15.0
1138	-25.0
1145	-40.0
1147	-25.0
1149	-25.0
1159	-25.0
1164	-10.0
1170	0.0
1172	-30.0
1174	-25.0
1181	-55.0
1185	-20.0
1193	-10.0
1198	-90.0
1205	-15.0
1210	5.0
1213	-40.0
1222	-35.0
1223	-30.0
1227	-25.0
1229	-30.0
1233	-15.0
1244	-35.0
1259	-55.0
1267	-10.0
1273	-55.0
1277	-20.0
1288	-30.0
1290	-30.0
1296	-25.0
1307	-30.0
1316	-10.0
1318	-30.0
1321	5.0
1357	25.0
1363	-40.0
1370	0.0
1377	-45.0
1384	-20.0
1387	-25.0
1403	-25.0
1406	-30.0
1410	-30.0
1421	-40.0
1431	5.0
1441	-30.0
1447	-25.0
1453	-5.0
1454	-30.0
1457	-40.0
1473	0.0
1479	-20.0
1488	-25.0
1499	15.0
1501	-25.0
1511	-40.0
1513	-30.0
1514	-30.0
1530	-30.0
1546	-25.0
1549	-20.0
1559	0.0
1565	-25.0
1571	15.0
1590	-15.0
1593	-25.0
1612	-5.0
1614	-25.0
1620	-40.0
1636	0.0
1641	-25.0
1644	-35.0
1649	20.0
1654	0
1656	-60.0
1668	-20.0
1675	-15.0
1692	0.0
1701	0.0
1703	-20.0
1706	-30.0
1713	5.0
1717	-35.0
1727	-10.0
1736	-10.0
1740	-30.0
1742	-25.0
1750	-20.0
1760	-15.0
1762	-25.0
1771	20.0
1772	-30.0
1775	-25.0
1778	-20.0
1793	-20.0
1800	-35.0
1802	-25.0
1813	10.0
1848	15.0
1853	-30.0
1855	-25.0
1858	-25.0
1879	-5.0
1889	15.0
1891	0
1898	5.0
1923	15.0
1928	-10.0
1938	-10.0
1941	-30.0
1942	-30.0
1946	-30.0
1954	-15.0
1958	-30.0
1969	-25.0
1978	-40.0
1984	5.0
2001	-50.0
2004	-20.0
2007	-25.0
2023	-30.0
2024	-30.0
2025	-30.0
2029	5.0
2032	-30.0
2039	-35.0
2041	-20.0
2048	0
2055	-15.0
2057	-20.0
2060	-25.0
2067	5.0
2073	-25.0
2079	-30.0
2091	-5.0
2092	-30.0
2096	-30.0
2104	-30.0
2107	-35.0
2115	-10.0
2117	-25.0
2121	-30.0
2123	-20.0
2135	5.0
2143	-5.0
2153	-40.0
2155	-25.0
2161	-35.0
2164	5.0
2182	-25.0
2184	-25.0
2188	-20.0
2198	-5.0
2204	15.0
2206	-20.0
2217	-15.0
2235	5.0
2238	-15.0
2240	-30.0
2265	-15.0
2267	-30.0
2274	-25.0
2277	-20.0
2280	-20.0
2282	-25.0
2290	-30.0
2301	5.0
2304	-10.0
2311	-10.0
2316	-5.0
2326	-20.0
2334	-5.0
2335	-30.0
2344	-5.0
2351	5.0
2355	0
2359	5.0
2365	10.0
2367	-30.0
2381	0.0
2388	-25.0
2398	-15.0
2400	-15.0
2403	0
2405	-25.0
2415	-5.0
2417	-30.0
2424	-10.0
2426	-25.0
2433	15.0
2442	-5.0
2452	-25.0
2460	-20.0
2471	-15.0
2479	-25.0
2480	-30.0
2481	-30.0
2483	-25.0
2487	-15.0
2497	5.0
2502	10.0
2510	-45.0
2513	5.0
2515	-30.0
2528	25.0
2531	10.0
2538	10.0
2551	-30.0
2558	-25.0
2563	5.0
2568	20.0
2570	-20.0
2574	-20.0
2592	-20.0
2596	-20.0
2598	-25.0
2605	-35.0
2610	-10.0
2615	-20.0
2628	-15.0
2632	-30.0
2637	-30.0
2658	-5.0
2669	-25.0
2672	0
2673	-30.0
2676	-25.0
2694	15.0
2705	-15.0
2709	-25.0
2712	-40.0
2718	-30.0
2725	0.0
2727	-60.0
2748	-30.0
2755	30.0
2764	5.0
2769	-35.0
2775	-30.0
2778	-30.0
2784	-10.0
2800	5.0
2802	-25.0
2849	-40.0
2852	-45.0
2854	-25.0
2860	-15.0
2888	-45.0
2898	5.0
2903	-25.0
2911	-25.0
2931	-20.0
2934	-30.0
2936	-30.0
2939	-20.0
2940	-30.0
2954	-25.0
2964	-5.0
2990	-5.0
2994	0
3001	-40.0
3005	-30.0
3008	-25.0
3018	-15.0
3021	-25.0
3024	-25.0
3026	-25.0
3048	-5.0
3055	-25.0
3070	-15.0
3090	-15.0
3098	-40.0
3117	-30.0
3127	-5.0
3134	5.0
3136	0
3145	20.0
3147	-30.0
3155	-30.0
3165	5.0
3170	-20.0
3176	-30.0
3184	15.0
3192	-10.0
3196	-25.0
3198	-20.0
3201	-30.0
3209	0.0
3219	-15.0
3238	45.0
3246	-30.0
3266	0.0
3272	-30.0
3278	0
3281	-30.0
3288	-25.0
3293	0.0
3295	-25.0
3303	-25.0
3310	5.0
3334	-35.0
3336	-25.0
3338	-20.0
3339	-30.0
3342	-20.0
3392	55.0
3395	-15.0
3399	-30.0
3404	0
3412	-25.0
3415	-25.0
3434	10.0
3451	-5.0
3472	-20.0
3484	15.0
3492	-30.0
3500	-10.0
3509	-15.0
3510	-30.0
3533	5.0
3542	-25.0
3551	-25.0
3552	-30.0
3560	-25.0
3564	-15.0
3567	-20.0
3569	-25.0
3571	-25.0
3576	-30.0
3599	5.0
3605	-15.0
3608	-25.0
3628	-20.0
3636	-30.0
3642	-30.0
3650	-30.0
3652	-30.0
3655	-30.0
3658	5.0
3663	-15.0
3667	-40.0
3671	0
3673	-25.0
3693	-15.0
3695	0
3707	35.0
3711	10.0
3720	25.0
3742	15.0
3744	-25.0
3746	-20.0
3752	-30.0
3756	10.0
3758	-20.0
3768	-10.0
3770	-30.0
3771	-30.0
3772	-30.0
3806	30.0
3814	-30.0
3824	-15.0
3831	-15.0
3840	-35.0
3842	-30.0
3866	-15.0
3879	25.0
3880	-30.0
3892	5.0
3900	-15.0
3910	-25.0
3911	-30.0
3920	-35.0
3924	10.0
3926	-30.0
3929	-30.0
3931	-25.0
3936	-20.0
3939	-25.0
3946	-10.0
3949	-30.0
3954	5.0
3965	35.0
3973	-25.0
3985	-10.0
3989	-30.0
3996	-5.0
4001	-10.0
4010	-35.0
4019	10.0
4021	-30.0
4026	-15.0
4058	30.0
4078	10.0
4080	-30.0
4088	-20.0
4091	-25.0
4115	-60.0
4132	35.0
4179	35.0
4183	0
4189	-40.0
4198	-5.0
4209	-45.0
4211	-25.0
4221	-25.0
4223	-30.0
4240	5.0
4247	-70.0
4251	5.0
4256	-20.0
4261	-40.0
4268	-35.0
4274	-25.0
4282	0.0
4292	-15.0
4298	-30.0
4306	-55.0
4314	-15.0
4323	-65.0
4325	-20.0
4335	10.0
4342	-30.0
4343	-30.0
4347	-20.0
4349	-30.0
4359	-45.0
4367	-20.0
4373	-35.0
4382	-45.0
4399	-35.0
4401	-20.0
4404	-25.0
4406	-35.0
4415	-5.0
4418	-20.0
4422	5.0
4424	-20.0
4436	-15.0
4444	-15.0
4491	35.0
4508	25.0
4521	35.0
4524	-10.0
4527	-30.0
4534	-30.0
4537	15.0
4544	-10.0
4550	5.0
4552	-25.0
4563	20.0
4571	10.0
4573	-20.0
4580	10.0
4589	-25.0
4591	-25.0
4595	-20.0
4605	15.0
4607	-25.0
4612	-10.0
4635	5.0
4654	-5.0
4662	-25.0
4666	-30.0
4668	-30.0
4672	-35.0
4681	0.0
4700	20.0
4704	-30.0
4731	25.0
4735	-20.0
4737	-20.0
4741	-20.0
4749	-35.0
4758	-20.0
4770	-15.0
4774	15.0
4776	-25.0
4780	-30.0
4784	-10.0
4791	20.0
4793	-25.0
4797	-35.0
4798	-30.0
4800	-30.0
4807	-20.0
4821	0.0
4842	10.0
4846	10.0
4849	-30.0
4868	-10.0
4871	-20.0
4889	-15.0
4899	5.0
4923	-15.0
4927	-30.0
4947	55.0
4951	-20.0
4959	20.0
4966	-15.0
4980	10.0
4998	15.0
5000	-25.0
5024	25.0
5042	-70.0
5044	-25.0
5054	0.0
5059	0
5069	30.0
5072	5.0
5076	-10.0
5094	-10.0
5095	-30.0
5103	20.0
5107	-20.0
5116	0.0
5119	-30.0
5126	5.0
5135	-5.0
5141	0
5148	-15.0
5171	60.0
5175	15.0
5179	-25.0
5187	-10.0
5196	-25.0
5197	-30.0
5205	-30.0
5211	-10.0
5217	20.0
5234	45.0
5243	0.0
5246	-30.0
5251	10.0
5252	-30.0
5260	10.0
5265	0
5269	10.0
5272	-25.0
5278	15.0
5284	-10.0
5292	5.0
5311	10.0
5315	5.0
5353	40.0
5358	-30.0
5360	-25.0
5368	-25.0
5370	-15.0
5372	-20.0
5384	-20.0
5397	-10.0
5409	20.0
5411	-25.0
5413	-20.0
5415	-30.0
5428	-25.0
5430	-20.0
5451	10.0
5461	25.0
5468	-10.0
5470	-25.0
5472	-25.0
5476	-20.0
5480	-10.0
5488	-15.0
5512	-5.0
5514	-25.0
5540	10.0
5543	-30.0
5548	-20.0
5556	10.0
5572	-10.0
5590	-15.0
5600	5.0
5602	-25.0
5608	-40.0
5610	-25.0
5612	-25.0
5630	-5.0
5632	-20.0
5636	-20.0
5647	-15.0
5656	15.0
5660	-20.0
5672	15.0
5678	-25.0
5687	-25.0
5689	-30.0
5697	5.0
5726	0.0
5752	0.0
5756	10.0
5758	-30.0
5763	10.0
5775	-10.0
5779	-30.0
5798	0.0
5851	55.0
5853	-30.0
5859	-20.0
5869	5.0
5889	-10.0
5891	-25.0
5914	-15.0
5924	20.0
5931	-45.0
5933	-25.0
5937	-10.0
5938	-30.0
5940	-30.0
5956	-20.0
5972	-30.0
5974	-20.0
5975	-30.0
5983	-5.0
5985	-20.0
5987	-20.0
5990	-25.0
6001	-5.0
6021	35.0
6040	0.0
6043	-25.0
6048	5.0
6050	-20.0
6056	-35.0
6063	25.0
6083	15.0
6091	-15.0
6093	-25.0
6100	-15.0
6109	-70.0
6116	-5.0
6120	-30.0
6129	-60.0
6145	-5.0
6169	40.0
6195	20.0
6199	20.0
6201	-20.0
6211	-10.0
6215	-10.0
6217	-25.0
6227	-10.0
6230	-20.0
6238	-25.0
6244	-10.0
6249	15.0
6260	-5.0
6276	-5.0
6280	-20.0
6287	10.0
6289	0
6291	-30.0
6295	-10.0
6328	65.0
6340	15.0
6351	15.0
6359	15.0
6364	0
6365	-30.0
6367	-25.0
6370	5.0
6372	-25.0
6390	-15.0
6392	-35.0
6409	0.0
6415	20.0
6419	5.0
6426	10.0
6432	-20.0
6456	-10.0
6463	-20.0
6474	-5.0
6487	-10.0
6496	-15.0
6500	-20.0
6504	5.0
6527	-10.0
6532	-25.0
6544	10.0
6547	-25.0
6565	-5.0
6573	-25.0
6576	-25.0
6578	-25.0
6583	0
6590	35.0
6592	-25.0
6597	5.0
6620	5.0
6636	-10.0
6644	10.0
6653	-5.0
6658	-15.0
6665	-20.0
6677	5.0
6707	20.0
6717	20.0
6725	-15.0
6749	10.0
6760	-30.0
6762	-25.0
6769	10.0
6781	-20.0
6790	-25.0
6800	20.0
6807	-10.0
6827	-20.0
6836	35.0
6838	-30.0
6843	-10.0
6845	-25.0
6856	10.0
6859	5.0
6872	15.0
6881	-10.0
6893	-10.0
6912	5.0
6917	0
6919	-30.0
6955	10.0
7005	25.0
7011	-15.0
7028	5.0
7081	45.0
7089	15.0
7098	25.0
7107	-25.0
7144	-5.0
7149	20.0
7158	-20.0
7162	15.0
7172	30.0
7181	5.0
7188	10.0
7214	-20.0
7218	-15.0
7234	10.0
7245	35.0
7256	-10.0
7261	-5.0
7263	-25.0
7269	-10.0
7278	-15.0
7289	25.0
7291	-25.0
7299	0.0
7306	-40.0
7328	-15.0
7330	-30.0
7341	5.0
7368	-15.0
7373	0
7390	5.0
7407	-10.0
7423	0.0
7427	10.0
7446	-5.0
7470	5.0
7472	-25.0
7479	-20.0
7489	-25.0
7494	-10.0
7497	5.0
7499	-25.0
7500	-30.0
7502	-25.0
7506	5.0
7508	-25.0
7516	-20.0
7519	-30.0
7538	30.0
7569	-15.0
7582	5.0
7586	-15.0
7594	-50.0
7601	-5.0
7618	-20.0
7668	15.0
7689	5.0
7698	15.0
7716	-10.0
7718	-30.0
7720	-20.0
7744	5.0
7746	-30.0
7748	-30.0
7755	0.0
7759	5.0
7761	-25.0
7773	-40.0
7776	-40.0
7778	-25.0
7820	50.0
7836	-5.0
7858	10.0
7863	-30.0
7867	-20.0
7871	10.0
7882	5.0
7886	-30.0
7901	20.0
7905	-30.0
7931	65.0
7935	5.0
7957	-10.0
7990	35.0
7993	-30.0
8027	15.0
8035	0.0
8043	-5.0
8047	0
8057	-5.0
8064	-25.0
8066	-25.0
8087	25.0
8092	-25.0
8100	-15.0
8112	25.0
8120	-20.0
8143	-25.0
8152	-20.0
8158	-25.0
8198	5.0
8216	-20.0
8218	-30.0
8221	5.0
8222	-30.0
8285	95.0
8288	-20.0
8297	-15.0
8323	-20.0
8334	-5.0
8350	0.0
8352	-25.0
8398	30.0
8408	0.0
8415	-20.0
8420	5.0
8463	85.0
8481	30.0
8488	-20.0
8506	10.0
8524	30.0
8555	-5.0
8557	-25.0
8573	-20.0
8591	-20.0
8599	10.0
8619	10.0
8625	15.0
8629	-30.0
8641	10.0
8648	-20.0
8673	-15.0
8682	5.0
8691	15.0
8720	-15.0
8737	5.0
8746	-5.0
8767	-35.0
8770	-25.0
8796	-15.0
8804	0.0
8813	20.0
8824	30.0
8833	5.0
8835	-25.0
8845	25.0
8848	-25.0
8870	25.0
8872	-25.0
8878	-40.0
8897	30.0
8899	-25.0
8902	-25.0
8904	-35.0
8913	-10.0
8933	-15.0
8936	10.0
8939	-20.0
8967	5.0
8988	15.0
8994	-20.0
9012	0.0
9046	15.0
9067	25.0
9089	-10.0
9098	25.0
9104	10.0
9123	-15.0
9136	10.0
9140	5.0
9151	-20.0
9158	5.0
9170	-10.0
9179	15.0
9186	10.0
9196	-10.0
9227	5.0
9238	25.0
9256	35.0
9279	5.0
9284	0
9306	25.0
9407	40.0
9455	35.0
9462	10.0
9465	-25.0
9474	10.0
9516	-25.0
9542	15.0
9569	-20.0
9594	40.0
9601	-15.0
9604	-30.0
9615	-20.0
9619	-20.0
9629	-20.0
9637	-15.0
9646	10.0
9651	-15.0
9659	-10.0
9661	-20.0
9663	-20.0
9665	-25.0
9673	-50.0
9684	-5.0
9687	-30.0
9699	10.0
9736	10.0
9757	-15.0
9800	20.0
9804	5.0
9819	-10.0
9840	-5.0
9851	-20.0
9853	-20.0
9858	-25.0
9876	30.0
9888	20.0
9897	-5.0
9905	10.0
9941	55.0
9950	-10.0
9978	50.0
9979	-30.0
9986	-20.0
9991	-10.0
10001	-15.0
10011	-25.0
10019	-25.0
10052	75.0
10075	30.0
10093	-5.0
10100	-10.0
10119	40.0
10126	10.0
10147	15.0
10192	60.0
10200	-20.0
10214	-20.0
10225	-20.0
10231	25.0
10240	20.0
10252	20.0
10261	20.0
10267	-15.0
10273	-45.0
10283	-25.0
10285	-30.0
10301	20.0
10335	45.0
10343	5.0
10349	-30.0
10356	0
10368	5.0
10370	-25.0
10372	-25.0
10375	-15.0
10397	0.0
10399	-20.0
10405	-20.0
10418	-10.0
10426	-40.0
10434	-15.0
10441	5.0
10445	-15.0
10496	95.0
10503	-30.0
10514	-20.0
10554	40.0
10576	30.0
10581	15.0
10585	0
10596	-20.0
10607	0.0
10623	-35.0
10628	-25.0
10657	25.0
10660	-25.0
10679	-35.0
10703	35.0
10722	-20.0
10727	-25.0
10749	40.0
10787	10.0
10796	20.0
10820	50.0
10832	25.0
10835	-30.0
10871	55.0
10881	10.0
10890	-25.0
10901	-20.0
10910	25.0
10912	-25.0
10917	-15.0
10929	25.0
10938	-10.0
10945	-30.0
10953	10.0
10966	-20.0
10969	-25.0
10972	-30.0
10976	-25.0
10980	0
10985	-20.0
10989	-20.0
11008	5.0
11031	5.0
11044	25.0
11126	40.0
11144	5.0
11170	25.0
11179	20.0
11183	-20.0
11193	10.0
11197	-20.0
11203	-5.0
11219	20.0
11242	40.0
11257	5.0
11276	20.0
11297	25.0
11302	-30.0
11305	-30.0
11325	40.0
11350	30.0
11368	20.0
11388	-5.0
11427	35.0
11437	10.0
11439	-25.0
11475	45.0
11490	-30.0
11502	10.0
11530	15.0
11569	10.0
11585	-5.0
11595	-5.0
11597	-25.0
11605	-15.0
11622	0.0
11625	5.0
11634	20.0
11646	-10.0
11654	20.0
11676	0.0
11680	10.0
11687	10.0
11708	0.0
11717	-10.0
11719	-30.0
11736	-5.0
11745	-15.0
11754	25.0
11784	35.0
11805	-5.0
11817	20.0
11832	30.0
11854	5.0
11867	-10.0
11869	-25.0
11879	10.0
11887	20.0
11894	15.0
11896	-25.0
11933	25.0
11943	-5.0
11946	-10.0
11965	-15.0
11967	-30.0
11980	-15.0
12002	-20.0
12032	30.0
12057	50.0
12063	-45.0
12074	25.0
12080	10.0
12086	-10.0
12112	-10.0
12129	10.0
12131	-25.0
12144	-20.0
12157	-5.0
12168	15.0
12172	-15.0
12175	-25.0
12184	15.0
12186	-25.0
12259	75.0
12276	25.0
12296	-5.0
12306	20.0
12309	-20.0
12320	-10.0
12329	15.0
12365	75.0
12367	-30.0
12394	-10.0
12399	25.0
12429	45.0
12437	-15.0
12448	-30.0
12458	-15.0
12473	-15.0
12475	-25.0
12484	-10.0
12488	5.0
12500	5.0
12505	0
12510	-10.0
12520	0.0
12531	-25.0
12538	-20.0
12578	-15.0
12589	-20.0
12594	-25.0
12596	-25.0
12609	-20.0
12615	-10.0
12626	20.0
12635	-15.0
12654	40.0
12663	5.0
12671	-5.0
12688	0.0
12700	-10.0
12702	-30.0
12710	15.0
12739	-10.0
12749	5.0
12751	-25.0
12797	15.0
12814	35.0
12833	40.0
12842	20.0
12882	25.0
12893	0.0
12918	15.0
12922	-20.0
12924	-25.0
12926	-25.0
12931	-20.0
12970	10.0
12982	5.0
13044	45.0
13046	-30.0
13056	-15.0
13069	-15.0
13071	-30.0
13094	0.0
13099	-10.0
13109	0.0
13124	15.0
13162	55.0
13170	-20.0
13180	-10.0
13199	5.0
13206	-10.0
13208	-25.0
13221	30.0
13247	5.0
13257	-25.0
13262	0
13268	-25.0
13288	35.0
13320	70.0
13326	15.0
13344	-20.0
13357	25.0
13394	25.0
13435	45.0
13462	25.0
13473	20.0
13507	0.0
13519	5.0
13529	15.0
13534	20.0
13544	-20.0
13545	-30.0
13550	5.0
13575	10.0
13608	55.0
13650	10.0
13659	-10.0
13669	-20.0
13679	20.0
13683	-10.0
13685	-30.0
13689	-20.0
13696	0.0
13711	0.0
13714	10.0
13724	20.0
13727	-15.0
13732	-20.0
13757	-20.0
13759	-25.0
13790	50.0
13794	5.0
13805	5.0
13862	30.0
13882	0.0
13890	0
13892	-30.0
13894	-25.0
13917	25.0
13933	-40.0
13970	-15.0
13981	5.0
13991	-20.0
14022	40.0
14034	30.0
14056	30.0
14059	-25.0
14100	25.0
14112	15.0
14114	-25.0
14127	-20.0
14130	-25.0
14150	50.0
14156	15.0
14176	20.0
14182	5.0
14184	-30.0
14236	30.0
14243	-20.0
14251	20.0
14261	5.0
14263	-25.0
14282	-20.0
14337	75.0
14339	-20.0
14350	15.0
14368	35.0
14388	15.0
14392	-15.0
14400	20.0
14448	50.0
14452	-30.0
14460	-30.0
14464	5.0
14475	10.0
14497	10.0
14515	35.0
14518	-25.0
14527	-10.0
14536	-10.0
14545	-20.0
14548	-20.0
14569	-10.0
14570	-30.0
14584	15.0
14594	-10.0
14596	-20.0
14615	20.0
14617	-25.0
14619	-20.0
14629	-5.0
14644	0.0
14653	-5.0
14735	60.0
14752	20.0
14754	-25.0
14757	-25.0
14760	-30.0
14771	-15.0
14788	0.0
14797	-10.0
14805	-5.0
14837	45.0
14850	-15.0
14858	0.0
14867	-25.0
14881	-25.0
14905	0.0
14913	-25.0
14941	30.0
14948	-30.0
14951	10.0
14960	-20.0
15017	120.0
15029	20.0
15031	-25.0
15043	-15.0
15063	-5.0
15072	-10.0
15132	70.0
15141	30.0
15147	-5.0
15149	-25.0
15159	20.0
15161	-20.0
15170	-15.0
15179	-30.0
15182	-30.0
15184	-20.0
15193	15.0
15201	-20.0
15203	-25.0
15206	10.0
15225	-20.0
15232	-10.0
15234	-25.0
15260	5.0
15267	-15.0
15273	-25.0
15278	-10.0
15289	20.0
15308	25.0
15310	-25.0
15313	10.0
15322	-20.0
15327	-25.0
15345	-10.0
15370	10.0
15386	20.0
15415	35.0
15444	20.0
15476	0.0
15480	5.0
15489	0.0
15492	10.0
15503	-15.0
15530	0.0
15543	-10.0
15551	-5.0
15561	20.0
15576	-5.0
15587	-20.0
15609	25.0
15620	15.0
15630	30.0
15640	-15.0
15671	20.0
15673	-25.0
15696	50.0
15713	15.0
15735	10.0
15742	-20.0
15774	35.0
15777	-25.0
15789	20.0
15792	-20.0
15819	10.0
15841	0.0
15850	-10.0
15870	-20.0
15929	45.0
15935	-25.0
15942	10.0
15946	-20.0
15957	-20.0
15961	-15.0
15968	-15.0
15972	5.0
15977	-15.0
15983	-20.0
16012	40.0
16019	-10.0
16021	-25.0
16062	75.0
16102	5.0
16112	-10.0
16116	10.0
16125	-20.0
16132	0
16151	10.0
16179	-5.0
16198	-5.0
16200	-25.0
16227	25.0
16234	-30.0
16245	0.0
16255	25.0
16292	70.0
16301	-10.0
16307	10.0
16316	-10.0
16355	30.0
16374	25.0
16378	-25.0
16390	10.0
16401	-10.0
16405	-10.0
16438	50.0
16444	5.0
16452	-15.0
16479	40.0
16491	5.0
16496	20.0
16510	-15.0
16516	-30.0
16526	-5.0
16536	-15.0
16539	0
16547	-25.0
16572	50.0
16606	35.0
16631	30.0
16699	110.0
16701	-25.0
16713	10.0
16730	35.0
16733	-20.0
16773	15.0
16801	-10.0
16803	-25.0
16805	-30.0
16815	-15.0
16849	35.0
16872	-40.0
16876	0
16886	-15.0
16888	-20.0
16898	-10.0
16919	10.0
16976	30.0
16988	30.0
16993	0
16994	-30.0
16997	-30.0
17000	5.0
17007	-20.0
17032	50.0
17042	-10.0
17056	40.0
17063	-30.0
17068	20.0
17082	-10.0
17094	20.0
17103	15.0
17126	5.0
17161	45.0
17204	45.0
17211	-15.0
17213	-25.0
17247	10.0
17252	-25.0
17257	-15.0
17266	-30.0
17268	-20.0
17306	25.0
17316	-10.0
17336	-5.0
17338	-20.0
17346	-25.0
17359	-15.0
17367	-25.0
17377	10.0
17417	45.0
17426	-5.0
17434	-20.0
17438	-20.0
17448	-20.0
17474	50.0
17487	-20.0
17498	10.0
17520	30.0
17522	-25.0
17530	10.0
17533	-20.0
17536	-25.0
17538	-25.0
17560	35.0
17563	-25.0
17571	10.0
17573	-25.0
17577	-30.0
17583	-20.0
17588	-25.0
17606	0.0
17655	80.0
17665	-10.0
17667	-25.0
17683	10.0
17686	5.0
17688	-25.0
17700	-40.0
17723	0.0
17725	-20.0
17727	-25.0
17731	-20.0
17740	-10.0
17769	5.0
17777	-30.0
17781	-30.0
17783	-25.0
17805	-5.0
17861	50.0
17873	-15.0
17875	-25.0
17890	35.0
17899	10.0
17911	-25.0
17914	5.0
17922	-15.0
17944	-15.0
17955	15.0
17965	-5.0
17977	0.0
17986	-5.0
17990	-20.0
18025	30.0
18057	15.0
18061	5.0
18063	-25.0
18071	20.0
18089	15.0
18092	-20.0
18105	-10.0
18149	30.0
18158	-20.0
18176	15.0
18196	20.0
18207	20.0
18235	10.0
18251	15.0
18254	-20.0
18280	45.0
18287	0
18296	15.0
18320	30.0
18354	50.0
18358	-20.0
18379	-30.0
18387	30.0
18412	0.0
18414	-25.0
18426	10.0
18428	-20.0
18436	0.0
18484	75.0
18488	-30.0
18511	35.0
18520	-10.0
18537	10.0
18547	-15.0
18554	30.0
18568	-20.0
18593	60.0
18606	-5.0
18609	-30.0
18611	-20.0
18645	25.0
18649	5.0
18671	20.0
18685	-20.0
18716	35.0
18718	-20.0
18729	-15.0
18747	-10.0
18783	10.0
18794	5.0
18810	10.0
18831	30.0
18839	5.0
18860	-5.0
18914	85.0
18916	-25.0
18956	50.0
18969	-25.0
18982	30.0
19044	50.0
19046	-25.0
19057	-20.0
19061	5.0
19064	-30.0
19072	-15.0
19097	30.0
19102	5.0
19112	-25.0
19121	-15.0
19129	10.0
19131	-20.0
19135	5.0
19145	25.0
19165	20.0
19176	-10.0
19187	-15.0
19226	35.0
19235	-25.0
19237	-25.0
19242	-25.0
19250	10.0
19259	-20.0
19270	15.0
19285	25.0
19301	-20.0
19303	-20.0
19329	35.0
19350	-10.0
19352	-25.0
19361	20.0
19406	5.0
19427	-10.0
19437	-5.0
19439	-25.0
19446	15.0
19457	25.0
19459	-25.0
19484	0.0
19487	-30.0
19516	5.0
19522	15.0
19547	-10.0
19604	70.0
19607	-25.0
19620	20.0
19638	30.0
19645	-10.0
19655	-5.0
19677	40.0
19695	-10.0
19699	10.0
19702	-30.0
19713	-25.0
19721	5.0
19727	-25.0
19734	10.0
19736	-25.0
19759	-10.0
19783	35.0
19794	-15.0
19796	-25.0
19798	-25.0
19815	40.0
19821	-25.0
19825	-20.0
19832	-45.0
19837	15.0
19871	55.0
19892	0.0
19894	-25.0
19902	-35.0
19905	-20.0
19914	-20.0
19918	-10.0
19937	5.0
19947	-10.0
19949	-30.0
19968	-20.0
19972	-15.0
19974	-20.0
19976	-20.0
19981	-15.0
19984	10.0
19998	-15.0
20008	30.0
20034	40.0
20052	15.0
20069	-5.0
20085	10.0
20087	-25.0
20111	45.0
20157	105.0
20165	5.0
20168	5.0
20180	-5.0
20184	-30.0
20209	-10.0
20211	-25.0
20223	15.0
20281	25.0
20318	25.0
20320	-20.0
20337	-40.0
20358	25.0
20360	-30.0
20388	20.0
20417	-5.0
20427	-15.0
20431	-25.0
20434	-10.0
20443	-10.0
20446	-30.0
20487	20.0
20489	-25.0
20493	-20.0
20501	-10.0
20527	0.0
20534	20.0
20536	-25.0
20607	100.0
20616	15.0
20617	-30.0
20625	-10.0
20634	-30.0
20639	10.0
20665	5.0
20670	10.0
20725	80.0
20755	-5.0
20757	-25.0
20818	75.0
20820	-25.0
20857	80.0
20859	-25.0
20902	30.0
20904	-25.0
20914	10.0
20930	10.0
20972	70.0
20974	-25.0
21008	55.0
21035	5.0
21054	20.0
21063	25.0
21073	30.0
21082	15.0
21088	-30.0
21139	30.0
21147	-25.0
21185	30.0
21194	-5.0
21205	25.0
21209	-15.0
21240	0.0
21252	5.0
21256	-30.0
21276	-20.0
21294	-20.0
21316	10.0
21326	10.0
21329	-30.0
21346	-20.0
21348	-25.0
21353	-25.0
21364	-5.0
21371	-25.0
21388	-5.0
21442	25.0
21444	-20.0
21446	-30.0
21449	-25.0
21454	-15.0
21459	15.0
21481	40.0
21508	-10.0
21530	15.0
21552	10.0
21587	20.0
21627	60.0
21639	15.0
21662	30.0
21700	95.0
21710	25.0
21765	95.0
21784	20.0
21786	-25.0
21810	-25.0
21853	20.0
21856	-20.0
21873	5.0
21885	-35.0
21889	-20.0
21893	20.0
21903	30.0
21905	-25.0
21914	-25.0
21915	-30.0
21931	10.0
21957	-5.0
21962	15.0
21976	15.0
21984	5.0
21993	0.0
22018	0.0
22028	-25.0
22033	-15.0
22059	40.0
22069	-15.0
22075	5.0
22102	-20.0
22117	20.0
22125	15.0
22134	20.0
22159	35.0
22183	-5.0
22220	0.0
22232	0.0
22242	-5.0
22246	-15.0
22251	-20.0
22261	0.0
22289	0.0
22292	5.0
22327	-5.0
22329	-25.0
22340	20.0
22350	-15.0
22375	15.0
22384	15.0
22409	65.0
22430	35.0
22434	0
22436	-25.0
22454	30.0
22467	-20.0
22475	-15.0
22501	60.0
22514	10.0
22517	-25.0
22532	-15.0
22550	-25.0
22589	45.0
22602	10.0
22659	50.0
22666	15.0
22670	-25.0
22685	-30.0
22721	45.0
22724	15.0
22729	-15.0
22738	20.0
22744	-20.0
22747	-25.0
22784	45.0
22792	0.0
22808	15.0
22832	-5.0
22843	-30.0
22874	50.0
22879	-20.0
22886	20.0
22891	0
22925	60.0
22962	45.0
22970	15.0
22972	-25.0
22985	20.0
23041	70.0
23050	-15.0
23053	5.0
23061	-45.0
23098	20.0
23126	55.0
23145	35.0
23150	-15.0
23159	-50.0
23162	-20.0
23212	60.0
23220	10.0
23230	-10.0
23260	35.0
23262	-25.0
23267	-15.0
23270	0
23291	-5.0
23294	-20.0
23296	-25.0
23304	-10.0
23324	50.0
23332	25.0
23350	-5.0
23366	-10.0
23368	-30.0
23371	5.0
23457	100.0
23482	0.0
23484	-25.0
23486	-25.0
23507	-30.0
23533	-20.0
23540	-10.0
23556	0.0
23592	10.0
23601	5.0
23605	-25.0
23614	15.0
23621	20.0
23624	-25.0
23631	-15.0
23726	90.0
23731	-25.0
23736	-25.0
23745	30.0
23769	35.0
23773	-25.0
23786	-10.0
23832	0.0
23879	45.0
23906	5.0
23927	15.0
23931	0
23938	20.0
23940	-25.0
23943	-25.0
23966	-10.0
23968	-20.0
23971	-25.0
23998	15.0
24047	-10.0
24052	-25.0
24062	-10.0
24089	5.0
24101	-10.0
24126	-25.0
24138	-25.0
24146	15.0
24159	30.0
24193	55.0
24198	-30.0
24208	30.0
24224	15.0
24235	-15.0
24241	-15.0
24272	35.0
24298	20.0
24314	-10.0
24333	0.0
24350	15.0
24352	-20.0
24361	25.0
24371	-10.0
24373	-25.0
24398	0.0
24407	-5.0
24411	5.0
24447	30.0
24457	-10.0
24467	-5.0
24483	-5.0
24494	-10.0
24532	0.0
24542	0.0
24564	40.0
24595	-10.0
24634	35.0
24635	-30.0
24665	0.0
24669	-30.0
24680	-20.0
24684	-30.0
24688	5.0
24713	55.0
24723	-10.0
24740	-15.0
24761	20.0
24772	-25.0
24780	-10.0
24801	-20.0
24803	-25.0
24830	0.0
24850	-5.0
24916	30.0
24941	45.0
24956	-15.0
24975	0.0
24984	10.0
25030	70.0
25031	-30.0
25050	25.0
25074	20.0
25119	75.0
25127	-10.0
25138	-5.0
25151	25.0
25157	-10.0
25173	20.0
25194	20.0
25204	0.0
25214	-10.0
25230	-5.0
25238	-30.0
25247	15.0
25249	-20.0
25272	55.0
25276	-20.0
25278	0
25285	10.0
25310	30.0
25316	-25.0
25342	10.0
25345	0
25347	-20.0
25355	10.0
25369	30.0
25377	25.0
25403	5.0
25430	55.0
25440	-25.0
25458	-10.0
25465	-25.0
25506	50.0
25515	20.0
25520	-25.0
25543	15.0
25590	65.0
25601	10.0
25609	10.0
25617	-15.0
25636	-5.0
25648	-10.0
25655	-40.0
25679	5.0
25685	-25.0
25715	-15.0
25717	-25.0
25742	35.0
25750	-25.0
25763	5.0
25766	-20.0
25778	-15.0
25793	25.0
25795	-30.0
25811	-10.0
25825	-25.0
25857	10.0
25907	30.0
25909	-20.0
25917	-40.0
25931	5.0
25937	-25.0
25948	-10.0
25982	5.0
26010	60.0
26019	-10.0
26043	20.0
26053	-10.0
26063	20.0
26088	60.0
26113	30.0
26122	0.0
26124	-20.0
26129	5.0
26137	20.0
26198	60.0
26211	25.0
26216	-15.0
26229	15.0
26241	-10.0
26353	195.0
26377	45.0
26380	5.0
26385	-30.0
26393	25.0
26407	-10.0
26413	-5.0
26421	10.0
26424	-25.0
26440	40.0
26448	-15.0
26470	10.0
26481	20.0
26527	30.0
26650	125.0
26689	0.0
26700	-10.0
26702	-30.0
26760	90.0
26793	25.0
26801	10.0
26822	0.0
26834	-15.0
26849	15.0
26857	-55.0
26867	-25.0
26870	-25.0
26884	-20.0
26907	30.0
26909	-20.0
26922	-10.0
26927	5.0
26929	-20.0
26940	-10.0
26962	30.0
26972	-20.0
26998	20.0
27036	35.0
27038	-25.0
27062	10.0
27066	5.0
27079	-5.0
27088	-20.0
27093	-25.0
27135	110.0
27148	20.0
27175	20.0
27194	-10.0
27197	-30.0
27201	-20.0
27214	20.0
27216	-25.0
27229	0.0
27236	-15.0
27247	-5.0
27249	-25.0
27292	65.0
27299	-30.0
27311	-20.0
27316	0
27323	20.0
27333	15.0
27346	-15.0
27352	-40.0
27354	-30.0
27396	55.0
27417	30.0
27457	15.0
27494	65.0
27527	5.0
27537	10.0
27554	-5.0
27563	-10.0
27579	-20.0
27581	-25.0
27592	20.0
27594	-30.0
27617	20.0
27630	-5.0
27657	40.0
27659	-25.0
27663	5.0
27691	10.0
27699	15.0
27714	-10.0
27723	10.0
27732	-15.0
27740	25.0
27744	15.0
27781	35.0
27786	20.0
27795	-10.0
27803	-15.0
27858	75.0
27860	-20.0
27894	60.0
27905	0.0
27918	-10.0
27926	-25.0
27940	-25.0
27970	40.0
27981	5.0
27990	-10.0
28003	10.0
28027	10.0
28037	-10.0
28050	10.0
28076	45.0
28089	25.0
28091	-25.0
28101	10.0
28104	-25.0
28125	-5.0
28127	-25.0
28135	-20.0
28152	15.0
28157	0
28159	-25.0
28180	0.0
28184	10.0
28193	0.0
28203	-20.0
28251	110.0
28259	10.0
28285	35.0
28318	20.0
28329	20.0
28354	20.0
28373	0.0
28381	20.0
28499	80.0
28518	25.0
28528	-5.0
28548	20.0
28550	-20.0
28590	40.0
28659	55.0
28675	15.0
28701	40.0
28715	-20.0
28724	10.0
28726	-25.0
28783	50.0
28817	30.0
28823	20.0
28847	-15.0
28867	10.0
28884	0.0
28910	50.0
28932	15.0
28955	-10.0
29011	50.0
29050	25.0
29083	50.0
29085	-25.0
29094	-15.0
29096	-25.0
29106	30.0
29112	-10.0
29114	-25.0
29117	-25.0
29122	-25.0
29156	95.0
29168	10.0
29181	-15.0
29206	55.0
29211	5.0
29215	15.0
29219	0
29267	60.0
29274	-10.0
29311	45.0
29335	5.0
29343	-20.0
29348	-25.0
29357	5.0
29364	-5.0
29396	25.0
29398	-20.0
29423	25.0
29443	5.0
29454	15.0
29469	-15.0
29480	-5.0
29493	5.0
29505	-15.0
29526	35.0
29552	10.0
29557	-15.0
29559	-25.0
29593	30.0
29625	20.0
29656	0.0
29680	50.0
29703	35.0
29714	25.0
29736	-15.0
29746	-10.0
29777	5.0
29780	5.0
29790	10.0
29820	30.0
29827	-20.0
29857	-15.0
29878	60.0
29882	-20.0
29891	-15.0
29893	-30.0
29910	-30.0
29937	0.0
29945	-5.0
29950	15.0
29962	20.0
29970	5.0
29998	65.0
30003	-15.0
30007	-20.0
30011	20.0
30035	-10.0
30046	-10.0
30052	10.0
30056	10.0
30104	60.0
30114	10.0
30135	10.0
30146	5.0
30181	15.0
30190	10.0
30198	-10.0
30205	-15.0
30218	-5.0
30255	10.0
30276	-20.0
30282	-20.0
30322	50.0
30366	55.0
30375	-20.0
30387	0.0
30389	-30.0
30395	15.0
30416	45.0
30426	0.0
30447	20.0
30449	-25.0
30463	20.0
30468	-25.0
30513	55.0
30537	30.0
30547	30.0
30556	15.0
30639	110.0
30679	50.0
30687	5.0
30690	-25.0
30693	-25.0
30703	-15.0
30705	-25.0
30707	-25.0
30742	40.0
30746	-20.0
30748	-25.0
30770	15.0
30782	15.0
30799	-5.0
30804	-10.0
30830	15.0
30853	-5.0
30866	-15.0
30874	20.0
30966	65.0
30971	-15.0
30975	-30.0
30982	-25.0
31013	35.0
31018	10.0
31072	45.0
31088	0.0
31099	20.0
31108	0.0
31139	30.0
31150	-10.0
31151	-30.0
31153	-20.0
31161	-5.0
31164	-20.0
31182	10.0
31218	35.0
31225	-25.0
31235	-10.0
31251	0.0
31260	30.0
31262	-25.0
31291	5.0
31315	25.0
31446	145.0
31452	15.0
31469	-10.0
31508	30.0
31548	10.0
31554	10.0
31566	0.0
31578	-40.0
31603	70.0
31625	30.0
31628	-25.0
31640	25.0
31648	15.0
31650	-25.0
31662	-10.0
31664	-25.0
31676	40.0
31687	30.0
31697	-10.0
31704	-25.0
31718	15.0
31742	30.0
31749	15.0
31770	-20.0
31773	-25.0
31811	-45.0
31815	-20.0
31823	20.0
31854	35.0
31877	-20.0
31889	20.0
31921	40.0
31924	5.0
31981	105.0
31992	-40.0
32002	25.0
32011	-25.0
32019	-20.0
32077	35.0
32088	0.0
32106	0.0
32139	50.0
32142	-20.0
32144	-25.0
32157	25.0
32163	10.0
32205	40.0
32209	-20.0
32266	55.0
32268	-30.0
32271	-25.0
32274	0
32275	-30.0
32285	-5.0
32319	30.0
32339	10.0
32398	55.0
32405	20.0
32407	0
32412	10.0
32435	-5.0
32445	-30.0
32498	45.0
32563	70.0
32572	-5.0
32582	-15.0
32593	-25.0
32597	-20.0
32599	-25.0
32601	-25.0
32607	20.0
32631	55.0
32634	-15.0
32647	30.0
32657	15.0
32668	-10.0
32751	115.0
32774	20.0
32845	30.0
32852	15.0
32858	10.0
32881	10.0
32885	10.0
32911	55.0
32915	-15.0
32938	-5.0
32948	-25.0
32957	15.0
33037	50.0
33043	10.0
33045	-20.0
33050	-20.0
33086	5.0
33089	5.0
33124	40.0
33148	10.0
33151	10.0
33167	-10.0
33203	25.0
33243	95.0
33255	25.0
33358	115.0
33370	15.0
33382	0.0
33398	45.0
33500	105.0
33510	-15.0
33525	-15.0
33535	-10.0
33537	-25.0
33548	15.0
33574	55.0
33606	35.0
33618	-25.0
33626	25.0
33633	20.0
33646	-25.0
33653	5.0
33669	-15.0
33692	10.0
33694	-25.0
33719	10.0
33738	10.0
33746	5.0
33748	-25.0
33809	95.0
33834	-15.0
33850	-5.0
33861	-35.0
33892	30.0
33894	-25.0
33937	30.0
33964	15.0
33968	-30.0
33971	5.0
33972	-30.0
33978	15.0
33989	-10.0
34065	65.0
34132	85.0
34158	15.0
34236	75.0
34287	60.0
34342	65.0
34401	65.0
34402	-30.0
34404	-20.0
34406	-20.0
34408	-25.0
34473	50.0
34475	-25.0
34508	25.0
34514	-40.0
34519	-20.0
34526	10.0
34536	25.0
34560	-15.0
34576	-15.0
34607	30.0
34618	15.0
34627	20.0
34631	-15.0
34650	5.0
34659	-5.0
34701	10.0
34715	0.0
34728	10.0
34737	5.0
34746	-25.0
34766	-25.0
34775	-5.0
34786	20.0
34805	30.0
34809	-25.0
34817	-25.0
34842	0.0
34858	-15.0
34897	0.0
34911	10.0
34945	0.0
34965	5.0
34971	20.0
34981	-10.0
34990	20.0
35012	15.0
35016	-20.0
35036	0.0
35062	-5.0
35142	45.0
35153	5.0
35221	70.0
35230	25.0
35237	-25.0
35246	-20.0
35278	10.0
35290	15.0
35315	15.0
35334	-10.0
35360	30.0
35392	10.0
35394	-20.0
35415	-10.0
35460	45.0
35462	-25.0
35481	45.0
35490	-5.0
35495	-25.0
35504	-15.0
35515	-30.0
35518	5.0
35527	-10.0
35553	40.0
35589	50.0
35591	-30.0
35611	5.0
35621	-20.0
35641	40.0
35675	5.0
35688	0.0
35706	-10.0
35714	10.0
35724	20.0
35727	-25.0
35749	15.0
35758	25.0
35763	-20.0
35782	5.0
35787	5.0
35797	-15.0
35816	35.0
35831	-15.0
35839	-50.0
35945	140.0
35955	5.0
35981	45.0
35989	-20.0
36001	-25.0
36023	10.0
36032	0.0
36088	35.0
36093	-20.0
36105	-30.0
36113	-25.0
36125	-5.0
36195	65.0
36213	25.0
36223	0.0
36267	45.0
36283	-20.0
36292	-20.0
36310	15.0
36320	-10.0
36330	0.0
36332	-30.0
36359	5.0
36367	-25.0
36388	-5.0
36394	10.0
36410	5.0
36420	-20.0
36429	-10.0
36431	-20.0
36440	-10.0
36446	-30.0
36450	-30.0
36453	-20.0
36477	40.0
36482	-20.0
36490	15.0
36500	10.0
36510	10.0
36561	55.0
36567	10.0
36614	5.0
36640	5.0
36649	-5.0
36658	-5.0
36693	15.0
36697	-25.0
36709	-25.0
36735	20.0
36753	20.0
36755	-25.0
36814	65.0
36817	5.0
36824	15.0
36842	40.0
36856	30.0
36866	15.0
36868	-25.0
36870	-20.0
36882	-5.0
36898	-25.0
36933	5.0
36961	20.0
36969	-20.0
36981	-15.0
36989	0.0
36999	10.0
37034	60.0
37049	-5.0
37074	-5.0
37083	-35.0
37109	60.0
37118	-5.0
37155	15.0
37189	5.0
37201	-5.0
37233	15.0
37236	5.0
37244	-15.0
37282	20.0
37300	25.0
37309	-25.0
37340	10.0
37379	30.0
37390	15.0
37408	45.0
37410	-25.0
37427	-10.0
37435	15.0
37447	-5.0
37452	-20.0
37492	30.0
37505	25.0
37507	0
37516	-5.0
37529	-25.0
37567	40.0
37569	-30.0
37572	-25.0
37590	40.0
37611	40.0
37626	-20.0
37631	5.0
37633	-20.0
37645	20.0
37656	-15.0
37661	5.0
37669	20.0
37696	30.0
37698	-25.0
37708	15.0
37720	-15.0
37729	-5.0
37758	40.0
37777	-10.0
37816	40.0
37818	-25.0
37838	45.0
37850	-20.0
37912	85.0
37915	5.0
37919	10.0
37936	-5.0
37942	-20.0
37947	5.0
37949	-20.0
37955	5.0
37957	0
37965	5.0
38026	60.0
38033	-30.0
38068	50.0
38087	20.0
38096	-20.0
38152	-5.0
38217	65.0
38252	5.0
38264	0.0
38376	155.0
38378	-25.0
38381	-25.0
38391	-15.0
38396	-20.0
38432	80.0
38481	20.0
38491	-15.0
38500	10.0
38519	70.0
38541	-10.0
38544	5.0
38555	-10.0
38563	-25.0
38584	-10.0
38591	-15.0
38621	10.0
38645	30.0
38649	20.0
38700	40.0
38707	10.0
38709	-25.0
38711	-20.0
38749	15.0
38776	60.0
38789	30.0
38796	-5.0
38799	-25.0
38847	15.0
38849	-30.0
38860	-15.0
38877	20.0
38889	-15.0
38930	5.0
38956	10.0
38968	15.0
38983	15.0
38992	10.0
39002	-10.0
39010	-30.0
39020	-5.0
39030	-25.0
39055	45.0
39080	20.0
39120	45.0
39122	-25.0
39128	15.0
39130	-25.0
39139	-5.0
39197	70.0
39199	-25.0
39219	0.0
39225	15.0
39229	-15.0
39241	30.0
39253	-5.0
39277	5.0
39286	-10.0
39294	-20.0
39296	-25.0
39298	-25.0
39321	45.0
39325	-15.0
39335	0.0
39341	15.0
39386	45.0
39398	15.0
39403	-20.0
39433	25.0
39445	10.0
39451	10.0
39484	35.0
39511	-10.0
39536	50.0
39538	-25.0
39542	15.0
39551	-20.0
39601	45.0
39610	10.0
39616	20.0
39634	0.0
39682	30.0
39718	40.0
39730	-10.0
39733	-25.0
39735	-25.0
39766	25.0
39811	75.0
39820	-5.0
39822	-25.0
39834	10.0
39844	20.0
39853	20.0
39865	-15.0
39876	30.0
39914	25.0
39920	-30.0
39930	30.0
39996	70.0
40001	-25.0
40014	10.0
40026	-15.0
40149	120.0
40155	-30.0
40156	-30.0
40164	-15.0
40167	5.0
40169	-30.0
40191	10.0
40202	15.0
40281	100.0
40288	-25.0
40329	40.0
40340	-20.0
40463	205.0
40479	0.0
40489	-5.0
40496	-15.0
40527	65.0
40536	25.0
40574	-40.0
40576	-25.0
40580	-20.0
40584	10.0
40613	-15.0
40639	-10.0
40643	15.0
40645	-25.0
40654	-10.0
40665	-10.0
40678	30.0
40718	40.0
40734	10.0
40774	15.0
40779	-25.0
40802	5.0
40866	45.0
40873	20.0
40885	-25.0
40898	-15.0
40936	10.0
40955	-15.0
40972	0.0
40978	-30.0
41002	25.0
41010	-5.0
41013	5.0
41038	50.0
41049	-15.0
41076	45.0
41096	-5.0
41107	-5.0
41138	55.0
41177	40.0
41198	15.0
41201	5.0
41246	25.0
41265	5.0
41315	75.0
41327	5.0
41345	20.0
41355	0.0
41387	25.0
41409	-5.0
41414	-15.0
41440	10.0
41450	-10.0
41452	-25.0
41503	70.0
41511	10.0
41520	5.0
41527	20.0
41538	25.0
41574	45.0
41598	-5.0
41656	70.0
41668	-15.0
41673	0
41728	30.0
41734	0
41738	5.0
41742	-20.0
41779	40.0
41792	20.0
41794	-25.0
41797	-15.0
41807	-15.0
41813	0
41838	30.0
41845	15.0
41851	-30.0
41853	-25.0
41863	15.0
41907	75.0
41912	-20.0
41924	20.0
41984	35.0
42018	35.0
42073	55.0
42083	20.0
42093	25.0
42106	-15.0
42136	15.0
42145	-10.0
42172	30.0
42196	15.0
42221	30.0
42264	70.0
42266	-20.0
42278	-5.0
42295	-5.0
42297	0
42311	0.0
42321	15.0
42323	-20.0
42348	0.0
42381	0.0
42383	-25.0
42411	60.0
42415	-10.0
42418	-20.0
42421	5.0
42443	-15.0
42468	10.0
42472	-20.0
42474	-25.0
42517	35.0
42557	30.0
42565	-15.0
42618	40.0
42675	75.0
42678	5.0
42748	45.0
42768	40.0
42770	-25.0
42778	-15.0
42784	5.0
42804	35.0
42817	15.0
42827	20.0
42850	40.0
42852	-25.0
42858	-20.0
42879	-25.0
42888	-15.0
42914	40.0
42917	5.0
42931	-5.0
42941	15.0
42979	20.0
42989	-5.0
42998	-10.0
43053	50.0
43061	5.0
43073	-10.0
43084	15.0
43115	5.0
43127	-10.0
43136	10.0
43140	10.0
43152	10.0
43162	-20.0
43198	50.0
43221	40.0
43240	25.0
43270	-15.0
43289	-5.0
43292	-20.0
43294	-30.0
43314	20.0
43346	5.0
43361	-15.0
43377	0.0
43386	20.0
43407	5.0
43443	40.0
43445	-25.0
43459	10.0
43475	25.0
43479	-10.0
43483	15.0
43493	5.0
43496	-25.0
43517	5.0
43566	65.0
43579	-10.0
43597	15.0
43630	75.0
43649	20.0
43667	30.0
43669	-25.0
43717	25.0
43764	20.0
43775	15.0
43799	10.0
43809	-20.0
43820	-15.0
43822	-25.0
43833	-20.0
43860	35.0
43964	90.0
43996	30.0
44003	15.0
44031	30.0
44037	20.0
44039	-25.0
44048	-5.0
44133	85.0
44157	50.0
44166	0.0
44181	10.0
44202	25.0
44203	-30.0
44218	15.0
44244	20.0
44263	-10.0
44288	0.0
44323	35.0
44326	5.0
44362	50.0
44375	5.0
44411	20.0
44471	100.0
44500	35.0
44575	105.0
44577	-30.0
44584	20.0
44613	35.0
44620	20.0
44629	-25.0
44649	5.0
44707	100.0
44710	-25.0
44747	30.0
44757	-15.0
44767	-15.0
44781	-20.0
44799	25.0
44819	35.0
44842	10.0
44848	-25.0
44872	20.0
44882	-15.0
44894	30.0
44905	-5.0
44918	15.0
44944	45.0
44948	15.0
44960	40.0
44973	0.0
44999	10.0
45022	10.0
45074	40.0
45090	20.0
45101	15.0
45120	25.0
45155	25.0
45162	-25.0
45172	-20.0
45201	-10.0
45226	40.0
45229	-25.0
45267	-10.0
45269	-25.0
45277	15.0
45279	-25.0
45291	-5.0
45294	-20.0
45313	-5.0
45315	-20.0
45373	30.0
45440	105.0
45443	5.0
45462	35.0
45498	60.0
45508	30.0
45527	5.0
45544	45.0
45556	-10.0
45558	-20.0
45583	50.0
45592	-25.0
45593	-30.0
45594	-30.0
45596	-25.0
45602	-10.0
45618	45.0
45629	0.0
45653	35.0
45727	115.0
45731	-20.0
45755	10.0
45803	40.0
45811	-5.0
45824	-25.0
45826	-25.0
45836	-15.0
45857	20.0
45881	25.0
45915	35.0
45953	40.0
45976	-10.0
45990	15.0
46047	85.0
46061	25.0
46106	60.0
46128	10.0
46131	-25.0
46140	10.0
46145	-10.0
46151	-20.0
46162	-5.0
46197	30.0
46303	125.0
46311	0
46356	35.0
46361	15.0
46379	-15.0
46407	5.0
46413	-40.0
46454	35.0
46501	55.0
46503	-20.0
46531	65.0
46553	40.0
46577	5.0
46604	10.0
46606	-25.0
46620	-10.0
46628	30.0
46636	10.0
46649	-5.0
46670	10.0
46675	-15.0
46688	-5.0
46733	40.0
46760	-10.0
46763	-25.0
46792	-5.0
46801	-25.0
46816	-5.0
46837	55.0
46849	15.0
46876	15.0
46898	30.0
46899	-30.0
46964	65.0
46967	10.0
46994	25.0
47002	-20.0
47044	65.0
47057	20.0
47080	0.0
47106	-5.0
47117	0.0
47215	120.0
47217	-25.0
47251	45.0
47261	-15.0
47265	5.0
47364	155.0
47371	-30.0
47392	25.0
47413	45.0
47426	-25.0
47457	-10.0
47467	-10.0
47469	-25.0
47470	-30.0
47478	-40.0
47501	20.0
47526	0.0
47528	-25.0
47575	35.0
47623	30.0
47651	5.0
47660	-20.0
47673	-10.0
47730	70.0
47746	0.0
47767	20.0
47793	40.0
47827	65.0
47881	75.0
47897	15.0
47915	-20.0
47942	45.0
47951	10.0
47966	-30.0
47983	-10.0
47995	-10.0
48021	35.0
48027	0
48036	-10.0
48057	-10.0
48088	-15.0
48140	50.0
48143	-25.0
48162	-50.0
48168	-20.0
48179	15.0
48185	20.0
48229	110.0
48252	-5.0
48258	-20.0
48281	45.0
48306	15.0
48315	20.0
48328	-25.0
48337	0.0
48372	55.0
48416	25.0
48429	20.0
48440	5.0
48456	25.0
48497	30.0
48509	25.0
48544	45.0
48546	-25.0
48555	15.0
48646	110.0
48650	-15.0
48659	-15.0
48703	30.0
48713	-30.0
48732	-25.0
48741	-10.0
48746	20.0
48748	-20.0
48757	-15.0
48764	15.0
48775	-10.0
48825	95.0
48835	-20.0
48854	30.0
48856	-30.0
48894	60.0
48897	-30.0
48932	40.0
48957	30.0
48961	5.0
48963	-25.0
48983	-15.0
48987	10.0
49025	15.0
49030	-30.0
49039	10.0
49041	-25.0
49087	5.0
49094	20.0
49105	20.0
49109	5.0
49149	65.0
49154	10.0
49181	60.0
49189	20.0
49199	40.0
49209	35.0
49214	-30.0
49259	55.0
49279	5.0
49284	-20.0
49310	45.0
49311	-30.0
49359	95.0
49361	-25.0
49384	-10.0
49386	0
49389	-30.0
49398	0.0
49408	20.0
49423	-5.0
49435	5.0
49505	55.0
49509	15.0
49513	-20.0
49522	-5.0
49540	-5.0
49601	55.0
49624	-15.0
49643	-10.0
49678	40.0
49762	80.0
49801	20.0
49803	-30.0
49884	125.0
49915	40.0
49934	5.0
49941	15.0
49978	45.0
49994	-5.0
50001	-20.0
50012	-30.0
50024	-10.0
50028	5.0
50032	-10.0
50036	-15.0
50041	5.0
50071	25.0
50086	-5.0
50096	-20.0
50097	-30.0
50123	20.0
50129	-30.0
50158	50.0
50164	-15.0
50175	-10.0
50177	-25.0
50194	-20.0
50210	30.0
50219	10.0
50227	10.0
50263	20.0
50309	15.0
50325	10.0
50337	20.0
50355	-5.0
50396	40.0
50402	-15.0
50436	40.0
50448	-15.0
50467	5.0
50474	0
50478	5.0
50485	20.0
50510	-5.0
50512	0
50536	40.0
50559	10.0
50593	65.0
50605	25.0
50632	20.0
50648	0.0
50649	-30.0
50653	15.0
50658	-5.0
50664	15.0
50666	-25.0
50677	-15.0
50720	35.0
50732	25.0
50764	15.0
50793	5.0
50810	-15.0
50822	0.0
50830	-25.0
50832	-25.0
50852	-20.0
50855	-25.0
50876	20.0
50885	10.0
50909	50.0
50973	75.0
50988	25.0
50991	-25.0
51004	10.0
51007	-25.0
51025	25.0
51074	80.0
51147	110.0
51206	85.0
51260	80.0
51266	15.0
51273	-15.0
51301	20.0
51332	20.0
51343	10.0
51349	20.0
51357	30.0
51359	-25.0
51384	-10.0
51391	5.0
51392	-30.0
51403	-30.0
51411	10.0
51420	-10.0
51432	-10.0
51437	10.0
51480	-5.0
51503	-5.0
51512	25.0
51532	-5.0
51542	-10.0
51546	15.0
51557	30.0
51575	-5.0
51624	65.0
51637	5.0
51662	35.0
51667	-25.0
51692	45.0
51725	30.0
51764	45.0
51767	10.0
51788	-5.0
51814	35.0
51827	5.0
51831	5.0
51851	55.0
51914	95.0
51926	-5.0
51937	-25.0
51945	20.0
51971	0.0
51975	-25.0
51977	-20.0
51999	-20.0
52004	-5.0
52018	-30.0
52029	35.0
52038	-20.0
52141	135.0
52156	30.0
52161	15.0
52167	15.0
52174	20.0
52179	-30.0
52206	55.0
52337	195.0
52385	15.0
52409	30.0
52418	15.0
52464	50.0
52485	-15.0
52498	10.0
52502	-20.0
52525	0.0
52545	25.0
52596	20.0
52603	-10.0
52605	-25.0
52607	-25.0
52725	170.0
52727	-20.0
52763	30.0
52777	-30.0
52787	20.0
52791	-20.0
52798	-10.0
52851	75.0
52853	-25.0
52874	40.0
52883	-5.0
52889	20.0
52898	-10.0
52958	70.0
52968	-30.0
52977	-10.0
52986	5.0
53011	0.0
53021	-15.0
53032	35.0
53035	-30.0
53074	30.0
53080	15.0
53106	50.0
53112	10.0
53123	-10.0
53143	15.0
53204	15.0
53214	15.0
53234	-15.0
53245	15.0
53290	55.0
53299	-15.0
53311	-15.0
53354	30.0
53385	15.0
53412	45.0
53467	35.0
53472	-10.0
53480	10.0
53530	35.0
53533	-20.0
53534	-30.0
53538	-20.0
53542	-20.0
53565	30.0
53572	10.0
53580	-10.0
53589	-20.0
53606	15.0
53629	40.0
53638	-10.0
53646	0.0
53648	-25.0
53650	-25.0
53670	-5.0
53679	-15.0
53686	-45.0
53702	-10.0
53710	-25.0
53728	20.0
53736	20.0
53757	-10.0
53768	20.0
53786	55.0
53792	-30.0
53802	15.0
53804	-25.0
53822	-20.0
53855	35.0
53889	50.0
53909	-15.0
53934	5.0
53938	15.0
53973	15.0
54042	90.0
54071	40.0
54074	-25.0
54111	40.0
54155	40.0
54181	30.0
54197	0.0
54214	-10.0
54240	45.0
54249	0
54268	35.0
54282	15.0
54284	-25.0
54303	35.0
54311	-15.0
54320	5.0
54322	-25.0
54324	-25.0
54374	60.0
54380	-30.0
54412	50.0
54421	10.0
54450	-15.0
54457	-30.0
54467	30.0
54470	-25.0
54482	25.0
54523	20.0
54529	-30.0
54575	50.0
54600	25.0
54610	5.0
54646	50.0
54656	-20.0
54668	-10.0
54695	-10.0
54731	50.0
54733	-20.0
54780	30.0
54801	-25.0
54829	-5.0
54890	55.0
54902	-15.0
54908	-20.0
54941	45.0
54972	35.0
54984	0.0
54994	-5.0
54998	-20.0
55020	15.0
55026	-20.0
55034	0.0
55053	5.0
55066	25.0
55070	15.0
55096	-5.0
55121	0.0
55127	0
55213	105.0
55248	20.0
55285	10.0
55295	10.0
55310	-25.0
55322	-20.0
55341	25.0
55343	-25.0
55368	15.0
55377	-15.0
55380	-25.0
55389	0.0
55429	75.0
55442	-10.0
55444	-25.0
55464	45.0
55472	10.0
55484	0.0
55493	20.0
55518	15.0
55541	25.0
55573	-15.0
55575	-25.0
55589	-5.0
55607	-10.0
55623	10.0
55633	-5.0
55646	5.0
55650	5.0
55661	-5.0
55663	-20.0
55668	-15.0
55716	15.0
55718	-25.0
55753	30.0
55756	5.0
55765	0.0
55770	-30.0
55795	35.0
55799	10.0
55810	5.0
55819	-5.0
55822	-15.0
55831	-5.0
55848	-10.0
55857	20.0
55882	35.0
55896	20.0
55905	30.0
55914	-5.0
55947	20.0
55953	-30.0
55972	5.0
55997	15.0
56000	-20.0
56053	70.0
56067	-5.0
56084	0.0
56094	-10.0
56103	-15.0
56105	-25.0
56130	5.0
56150	5.0
56154	-20.0
56163	10.0
56168	-40.0
56224	55.0
56230	15.0
56277	25.0
56302	35.0
56322	-5.0
56332	-10.0
56338	-20.0
56414	85.0
56416	-25.0
56463	20.0
56466	-25.0
56469	-30.0
56479	-20.0
56483	5.0
56489	-20.0
56570	85.0
56608	65.0
56616	-25.0
56636	30.0
56649	-5.0
56651	-25.0
56661	25.0
56694	30.0
56702	-15.0
56722	35.0
56747	20.0
56780	10.0
56791	25.0
56803	-20.0
56839	55.0
56849	-30.0
56912	35.0
56918	10.0
56939	-15.0
56941	-25.0
56975	40.0
56991	10.0
56996	-25.0
57066	90.0
57084	15.0
57130	50.0
57158	50.0
57168	10.0
57170	-25.0
57220	35.0
57231	-20.0
57244	-20.0
57262	30.0
57266	5.0
57273	15.0
57280	-20.0
57302	30.0
57319	25.0
57334	-5.0
57341	-10.0
57343	-25.0
57349	10.0
57366	5.0
57369	5.0
57424	75.0
57425	-30.0
57428	-25.0
57444	5.0
57468	0.0
57488	20.0
57501	25.0
57561	55.0
57571	-5.0
57581	5.0
57590	0.0
57608	10.0
57610	-25.0
57614	10.0
57626	25.0
57635	10.0
57641	15.0
57699	55.0
57722	20.0
57762	25.0
57772	-20.0
57783	-5.0
57793	-5.0
57819	15.0
57822	5.0
57849	55.0
57901	105.0
57921	0.0
57942	50.0
57962	0.0
57979	0.0
57993	25.0
58003	10.0
58005	-25.0
58027	25.0
58035	0.0
58049	-5.0
58053	15.0
58063	10.0
58083	45.0
58118	20.0
58122	-15.0
58138	50.0
58141	10.0
58178	60.0
58198	-5.0
58210	25.0
58213	-20.0
58230	30.0
58242	20.0
58245	-25.0
58267	25.0
58270	-20.0
58315	20.0
58351	0.0
58360	-20.0
58364	-20.0
58388	35.0
58389	-30.0
58440	100.0
58445	-25.0
58469	15.0
58515	70.0
58524	-5.0
58528	10.0
58539	-40.0
58567	10.0
58572	-25.0
58589	30.0
58600	35.0
58640	45.0
58660	15.0
58668	-5.0
58701	-5.0
58749	55.0
58761	15.0
58764	-25.0
58766	-25.0
58773	0
58790	0.0
58800	10.0
58854	30.0
58856	-20.0
58870	-20.0
58873	-25.0
58918	30.0
58964	60.0
58973	-15.0
58998	-5.0
59008	-5.0
59010	-25.0
59012	-25.0
59026	15.0
59050	-10.0
59063	25.0
59076	25.0
59087	20.0
59151	90.0
59182	65.0
59190	-5.0
59192	-25.0
59208	-10.0
59234	0.0
59243	-5.0
59250	-25.0
59257	5.0
59298	60.0
59306	-25.0
59336	-5.0
59379	60.0
59387	10.0
59437	20.0
59439	-25.0
59475	-5.0
59479	15.0
59484	15.0
59505	0.0
59551	35.0
59561	-15.0
59571	20.0
59610	10.0
59622	10.0
59647	20.0
59649	-25.0
59658	-15.0
59662	10.0
59665	-25.0
59694	60.0
59753	90.0
59803	35.0
59817	-25.0
59823	5.0
59825	-25.0
59852	20.0
59868	-20.0
59878	-15.0
59901	-10.0
59956	55.0
59968	40.0
59970	-25.0
59972	-25.0
59979	-30.0
59981	-25.0
59984	-25.0
60004	-5.0
60012	15.0
60037	5.0
60039	-25.0
60064	40.0
60071	-10.0
60116	85.0
60136	-5.0
60139	-30.0
60200	35.0
60206	-20.0
60219	0.0
60234	-25.0
60260	50.0
60267	10.0
60281	-15.0
60324	85.0
60332	-25.0
60345	-15.0
60352	-25.0
60382	15.0
60386	5.0
60388	-20.0
60401	-10.0
60413	-20.0
60424	0.0
60463	15.0
60472	25.0
60478	-25.0
60508	45.0
60540	5.0
60549	-5.0
60557	-25.0
60577	5.0
60583	-25.0
60589	15.0
60662	65.0
60695	30.0
60699	5.0
60718	-10.0
60741	0.0
60760	5.0
60765	-30.0
60795	10.0
60808	0.0
60817	0.0
60819	-25.0
60841	5.0
60879	45.0
60888	-10.0
60890	-25.0
60928	40.0
60937	-15.0
60943	-30.0
60969	15.0
60975	-40.0
60983	5.0
60995	-10.0
61012	35.0
61023	-5.0
61032	30.0
61095	10.0
61190	125.0
61214	10.0
61217	-25.0
61219	-25.0
61236	10.0
61283	65.0
61309	15.0
61318	-15.0
61331	25.0
61363	50.0
61365	-25.0
61378	-10.0
61401	15.0
61403	-25.0
61411	20.0
61430	5.0
61485	50.0
61510	35.0
61535	-10.0
61538	-25.0
61543	-20.0
61552	-25.0
61593	-30.0
61595	-25.0
61599	5.0
61602	5.0
61673	35.0
61701	15.0
61711	15.0
61721	-20.0
61730	-15.0
61750	35.0
61753	-25.0
61757	-20.0
61760	5.0
61787	45.0
61811	25.0
61871	60.0
61875	-20.0
61921	65.0
61932	15.0
61973	60.0
62000	5.0
62002	-25.0
62013	10.0
62017	-20.0
62037	20.0
62039	-25.0
62170	175.0
62172	-30.0
62180	-5.0
62192	20.0
62221	50.0
62233	10.0
62273	65.0
62330	20.0
62367	-15.0
62379	-30.0
62388	15.0
62410	0.0
62420	5.0
62438	-15.0
62447	0.0
62492	35.0
62516	-5.0
62523	10.0
62531	10.0
62552	-15.0
62564	-5.0
62582	25.0
62585	-15.0
62601	-20.0
62603	-25.0
62610	10.0
62613	-20.0
62638	50.0
62644	10.0
62685	30.0
62738	25.0
62739	-30.0
62743	-20.0
62751	20.0
62753	-25.0
62755	-25.0
62843	75.0
62852	0.0
62856	-20.0
62859	-30.0
62863	5.0
62866	-25.0
62875	-15.0
62881	-30.0
62883	-25.0
62889	5.0
62896	0.0
62903	-10.0
62907	15.0
62912	-20.0
62956	25.0
62962	20.0
63029	95.0
63032	-25.0
63043	25.0
63045	-30.0
63052	5.0
63061	10.0
63063	-25.0
63133	80.0
63140	20.0
63142	-25.0
63192	35.0
63196	-30.0
63206	-15.0
63243	-10.0
63268	30.0
63329	50.0
63347	30.0
63384	35.0
63402	20.0
63405	-25.0
63426	-20.0
63435	25.0
63445	20.0
63492	50.0
63498	-30.0
63500	-20.0
63545	65.0
63588	25.0
63593	-10.0
63601	-10.0
63622	0.0
63636	25.0
63681	95.0
63695	-20.0
63701	-30.0
63703	-20.0
63717	10.0
63729	25.0
63735	-20.0
63783	35.0
63811	60.0
63821	-10.0
63831	-15.0
63833	-30.0
63836	-25.0
63850	-15.0
63867	-5.0
63887	15.0
63911	5.0
63913	-25.0
63915	-20.0
63922	-25.0
63973	55.0
63975	-25.0
63977	-25.0
63983	-25.0
64018	70.0
64042	35.0
64044	-20.0
64053	15.0
64059	-20.0
64071	-15.0
64122	65.0
64133	0.0
64151	-15.0
64209	45.0
64212	-20.0
64224	-10.0
64236	25.0
64238	-20.0
64266	20.0
64268	0
64301	45.0
64305	-15.0
64336	-15.0
64348	20.0
64350	-25.0
64357	-10.0
64401	20.0
64403	-30.0
64424	-15.0
64476	25.0
64486	-15.0
64508	15.0
64530	25.0
64532	-30.0
64620	55.0
64756	215.0
64763	15.0
64811	0.0
64822	0.0
64826	5.0
64838	-5.0
64856	15.0
64861	-30.0
64886	-15.0
64917	30.0
64936	30.0
64938	-25.0
65005	10.0
65015	30.0
65021	-20.0
65037	-5.0
65045	10.0
65068	-10.0
65093	35.0
65101	15.0
65104	-25.0
65125	5.0
65134	10.0
65187	105.0
65196	-15.0
65201	-20.0
65228	40.0
65230	-30.0
65248	0.0
65257	-5.0
65280	-5.0
65293	20.0
65300	20.0
65302	-25.0
65314	25.0
65340	55.0
65342	-25.0
65344	-25.0
65352	-25.0
65376	0.0
65410	10.0
65412	-25.0
65447	-5.0
65450	-25.0
65477	0.0
65480	5.0
65487	-45.0
65516	75.0
65534	0.0
65542	25.0
65550	-15.0
65573	-5.0
65577	-20.0
65589	0.0
65595	-20.0
65630	80.0
65632	-25.0
65689	55.0
65696	5.0
65749	70.0
65814	100.0
65816	-20.0
65820	10.0
65859	35.0
65861	0
65872	-10.0
65881	-5.0
65910	15.0
65921	0
65941	5.0
65979	45.0
65985	0
66044	55.0
66070	5.0
66078	-15.0
66131	115.0
66156	10.0
66211	65.0
66249	40.0
66262	25.0
66269	-25.0
66275	15.0
66329	35.0
66338	-10.0
66345	-5.0
66357	-10.0
66360	5.0
66362	-30.0
66364	-20.0
66376	-10.0
66396	25.0
66401	-10.0
66414	20.0
66461	10.0
66471	-15.0
66475	10.0
66476	-30.0
66515	25.0
66519	-20.0
66529	10.0
66551	35.0
66562	25.0
66570	-10.0
66588	0.0
66667	95.0
66728	80.0
66730	-25.0
66744	-20.0
66750	-30.0
66782	45.0
66800	-10.0
66813	-15.0
66816	-25.0
66826	-15.0
66853	35.0
66879	25.0
66881	-25.0
66892	-20.0
66911	0.0
66915	-15.0
66931	-25.0
66933	-25.0
66954	15.0
66956	-20.0
66991	40.0
66993	-25.0
66997	-30.0
67055	50.0
67095	45.0
67104	20.0
67155	50.0
67186	45.0
67188	-25.0
67196	-20.0
67199	-20.0
67205	30.0
67209	-15.0
67293	60.0
67295	-25.0
67419	130.0
67426	-15.0
67428	-25.0
67430	-25.0
67433	-25.0
67443	-10.0
67445	-25.0
67456	-15.0
67461	-15.0
67477	-30.0
67499	-15.0
67540	60.0
67561	-10.0
67577	0.0
67579	-25.0
67592	-25.0
67594	-20.0
67602	5.0
67607	-10.0
67637	5.0
67647	-35.0
67650	-15.0
67667	-15.0
67694	15.0
67696	-25.0
67704	-25.0
67727	0.0
67737	5.0
67771	45.0
67789	-10.0
67791	-25.0
67799	10.0
67827	35.0
67837	-10.0
67843	15.0
67894	75.0
67897	-25.0
67923	10.0
67948	20.0
67968	25.0
67970	-30.0
67995	10.0
68078	30.0
68087	-10.0
68114	0.0
68125	-5.0
68208	150.0
68223	25.0
68233	-15.0
68235	-20.0
68243	-15.0
68296	50.0
68333	20.0
68335	-25.0
68357	15.0
68373	-25.0
68377	-30.0
68388	-15.0
68404	20.0
68433	-5.0
68442	10.0
68454	-5.0
68473	5.0
68498	0.0
68508	-20.0
68517	-5.0
68529	-10.0
68531	-25.0
68535	-30.0
68542	-15.0
68562	-10.0
68582	35.0
68643	75.0
68654	-10.0
68740	80.0
68747	-45.0
68780	15.0
68790	5.0
68801	15.0
68836	40.0
68867	45.0
68882	-20.0
68885	-20.0
68892	-30.0
68894	-25.0
68927	0.0
68957	35.0
68959	-25.0
68964	-25.0
68974	20.0
69023	35.0
69032	-20.0
69069	45.0
69075	-15.0
69083	-25.0
69092	-5.0
69100	-10.0
69143	30.0
69152	-15.0
69157	-25.0
69164	5.0
69167	-25.0
69237	75.0
69300	15.0
69377	80.0
69381	20.0
69394	25.0
69398	-20.0
69400	-30.0
69425	15.0
69434	-20.0
69462	30.0
69465	-25.0
69472	5.0
69530	90.0
69532	-25.0
69553	30.0
69565	-5.0
69567	-25.0
69578	20.0
69602	20.0
69610	-20.0
69615	-20.0
69665	95.0
69688	-5.0
69699	5.0
69726	15.0
69781	95.0
69811	-5.0
69820	-15.0
69832	0.0
69835	-25.0
69860	-15.0
69862	-25.0
69870	-25.0
69881	-20.0
69891	-20.0
69921	10.0
69930	0.0
69949	-5.0
69986	40.0
69989	-25.0
69999	15.0
70001	-25.0
70028	25.0
70031	-25.0
70082	50.0
70084	-20.0
70086	-30.0
70092	-30.0
70128	40.0
70141	-5.0
70158	30.0
70164	-30.0
70173	-10.0
70177	15.0
70196	10.0
70200	10.0
70211	30.0
70236	20.0
70257	-25.0
70269	-10.0
70279	-20.0
70305	30.0
70321	0
70345	35.0
70354	-15.0
70401	65.0
70419	15.0
70425	-25.0
70453	50.0
70466	-15.0
70473	-15.0
70477	5.0
70506	25.0
70524	35.0
70576	30.0
70601	-15.0
70670	95.0
70699	5.0
70721	-5.0
70730	-5.0
70757	25.0
70768	20.0
70786	5.0
70789	-25.0
70800	30.0
70807	15.0
70830	5.0
70839	15.0
70841	-25.0
70864	40.0
70868	10.0
70889	30.0
70910	-10.0
70911	-30.0
70945	65.0
70952	5.0
70961	-15.0
70970	-10.0
71042	85.0
71051	-20.0
71126	105.0
71129	-20.0
71135	-30.0
71137	-25.0
71145	-15.0
71165	30.0
71247	150.0
71253	10.0
71255	-25.0
71258	-20.0
71262	10.0
71271	-15.0
71320	70.0
71347	35.0
71400	40.0
71411	-10.0
71421	25.0
71447	20.0
71450	-30.0
71469	35.0
71482	-10.0
71522	20.0
71577	65.0
71582	0
71606	45.0
71608	-25.0
71618	-5.0
71702	80.0
71739	35.0
71743	-20.0
71764	20.0
71824	65.0
71848	0.0
71857	5.0
71861	10.0
71903	5.0
71917	-15.0
71963	15.0
71967	10.0
71983	-15.0
72035	80.0
72049	15.0
72051	-25.0
72059	-5.0
72081	45.0
72124	35.0
72151	15.0
72161	-10.0
72183	25.0
72185	-25.0
72190	-20.0
72200	5.0
72206	20.0
72221	0
72230	10.0
72247	5.0
72257	-20.0
72284	25.0
72286	-25.0
72297	-10.0
72316	0.0
72321	5.0
72355	40.0
72379	5.0
72389	5.0
72461	120.0
72463	-25.0
72487	0.0
72541	55.0
72548	10.0
72589	15.0
72597	-25.0
72603	-30.0
72607	15.0
72626	5.0
72631	5.0
72633	-25.0
72635	-25.0
72660	25.0
72682	5.0
72749	45.0
72751	-25.0
72755	5.0
72757	-25.0
72821	65.0
72837	-5.0
72847	-25.0
72884	85.0
72925	30.0
72930	10.0
72940	-5.0
72953	10.0
72962	-5.0
73068	110.0
73075	-15.0
73123	55.0
73177	55.0
73186	-15.0
73296	135.0
73329	25.0
73333	10.0
73377	100.0
73399	20.0
73441	15.0
73469	45.0
73477	-25.0
73499	30.0
73537	40.0
73550	0.0
73604	60.0
73630	5.0
73636	-25.0
73658	0.0
73668	35.0
73672	15.0
73682	-10.0
73684	-25.0
73687	-20.0
73710	-5.0
73768	65.0
73790	-15.0
73797	-20.0
73821	20.0
73828	-15.0
73854	-10.0
73865	-10.0
73892	45.0
73894	-25.0
73934	15.0
73942	10.0
73945	-20.0
73958	-20.0
73979	20.0
73987	-20.0
73989	-25.0
73991	-25.0
74059	80.0
74075	-25.0
74115	60.0
74124	20.0
74126	0
74192	45.0
74230	75.0
74244	-15.0
74246	-25.0
74275	55.0
74315	40.0
74318	0
74320	-25.0
74347	40.0
74389	20.0
74398	20.0
74422	20.0
74431	-10.0
74438	-20.0
74475	20.0
74499	-10.0
74522	20.0
74556	15.0
74565	-25.0
74575	25.0
74582	-15.0
74595	0.0
74607	-20.0
74609	-25.0
74611	-25.0
74613	-25.0
74625	-5.0
74627	-25.0
74637	-20.0
74650	-5.0
74654	10.0
74666	20.0
74684	30.0
74697	-5.0
74717	20.0
74723	5.0
74743	0.0
74765	-35.0
74769	15.0
74803	45.0
74808	-25.0
74821	-10.0
74843	15.0
74852	15.0
74859	25.0
74866	-15.0
74869	-25.0
74893	-5.0
74922	20.0
74945	25.0
74951	10.0
74953	0
74955	-25.0
74957	-25.0
74984	0.0
74992	-10.0
74999	-5.0
75021	15.0
75091	50.0
75093	-25.0
75097	-20.0
75168	65.0
75170	-25.0
75173	-30.0
75180	-15.0
75194	-10.0
75199	5.0
75206	0.0
75208	-30.0
75291	110.0
75324	-15.0
75335	-15.0
75339	5.0
75355	20.0
75405	5.0
75457	15.0
75485	40.0
75487	0
75513	0.0
75529	-5.0
75532	-25.0
75540	0
75550	-15.0
75560	-40.0
75575	15.0
75577	-25.0
75586	-10.0
75604	0.0
75614	25.0
75662	25.0
75668	-25.0
75679	-10.0
75688	-10.0
75721	60.0
75753	40.0
75787	20.0
75809	60.0
75812	-25.0
75814	-25.0
75835	40.0
75865	5.0
75874	-15.0
75886	25.0
75888	-25.0
75911	5.0
75919	-20.0
75934	-5.0
75937	0
75955	5.0
76002	-10.0
76019	5.0
76062	25.0
76068	15.0
76113	50.0
76115	-25.0
76144	5.0
76169	-5.0
76210	60.0
76212	-25.0
76219	20.0
76245	30.0
76274	40.0
76305	15.0
76329	10.0
76354	-10.0
76375	40.0
76377	-25.0
76410	50.0
76414	10.0
76439	25.0
76447	15.0
76455	25.0
76457	-25.0
76465	5.0
76471	-10.0
76494	55.0
76527	30.0
76584	70.0
76586	-30.0
76593	0
76619	15.0
76625	10.0
76673	65.0
76675	-25.0
76717	80.0
76765	95.0
76788	30.0
76800	20.0
76814	-15.0
76854	85.0
76886	5.0
76890	15.0
76914	-10.0
76970	75.0
76997	-5.0
77003	5.0
77011	5.0
77014	-25.0
77060	65.0
77100	15.0
77118	5.0
77125	-30.0
77135	15.0
77182	35.0
77184	-25.0
77203	30.0
77212	0
77222	25.0
77228	-30.0
77253	15.0
77277	10.0
77287	20.0
77331	50.0
77339	20.0
77349	-15.0
77412	40.0
77437	30.0
77446	-5.0
77471	5.0
77501	35.0
77522	15.0
77563	55.0
77594	5.0
77606	-15.0
77618	10.0
77643	45.0
77645	-25.0
77650	15.0
77652	-25.0
77679	25.0
77708	5.0
77715	10.0
77738	30.0
77766	40.0
77775	-15.0
77781	5.0
77792	15.0
77802	10.0
77822	15.0
77830	-20.0
77889	25.0
77893	15.0
77915	-5.0
77919	15.0
77932	25.0
77944	30.0
77965	15.0
78000	60.0
78095	110.0
78097	-25.0
78106	-10.0
78119	15.0
78174	50.0
78194	15.0
78253	40.0
78287	25.0
78292	-20.0
78295	-25.0
78326	40.0
78348	-5.0
78351	-25.0
78359	-10.0
78375	25.0
78385	-20.0
78406	40.0
78430	0.0
78439	-5.0
78478	10.0
78488	-15.0
78552	35.0
78555	-25.0
78584	25.0
78586	0
78591	20.0
78607	40.0
78626	-5.0
78641	0.0
78653	-20.0
78660	-25.0
78661	-30.0
78734	45.0
78736	-25.0
78756	-5.0
78810	20.0
78828	30.0
78851	5.0
78864	25.0
78866	-25.0
78884	40.0
78919	40.0
78927	10.0
78932	5.0
78942	-25.0
79013	115.0
79015	-30.0
79046	-5.0
79071	-5.0
79098	40.0
79111	25.0
79135	15.0
79177	60.0
79198	20.0
79201	-20.0
79212	10.0
79239	25.0
79263	10.0
79274	0.0
79290	40.0
79297	5.0
79306	-10.0
79346	25.0
79366	20.0
79375	-25.0
79394	-5.0
79408	15.0
79426	35.0
79493	85.0
79516	0.0
79520	-25.0
79542	-5.0
79622	70.0
79670	55.0
79701	35.0
79710	10.0
79714	10.0
79722	-10.0
79753	5.0
79765	-10.0
79792	5.0
79800	-5.0
79878	80.0
79921	70.0
80016	65.0
80030	10.0
80072	45.0
80092	55.0
80096	-30.0
80105	-5.0
80119	-5.0
80173	40.0
80241	90.0
80256	10.0
80266	-10.0
80273	-30.0
80291	20.0
80303	-45.0
80305	0
80316	-10.0
80341	45.0
80344	-25.0
80346	-25.0
80377	50.0
80398	-15.0
80418	-5.0
80445	25.0
80448	5.0
80473	35.0
80484	-15.0
80524	40.0
80529	-20.0
80573	55.0
80585	-15.0
80603	20.0
80630	70.0
80633	-25.0
80635	0
80671	15.0
80673	-25.0
80676	5.0
80709	45.0
80717	-10.0
80719	0
80726	-5.0
80747	15.0
80761	15.0
80768	15.0
80770	-20.0
80804	35.0
80814	-15.0
80834	20.0
80839	-10.0
80880	0.0
80902	10.0
80927	25.0
81016	50.0
81018	-25.0
81020	-25.0
81038	-5.0
81040	-25.0
81062	45.0
81068	20.0
81070	-25.0
81079	-5.0
81089	25.0
81117	55.0
81133	0
81159	40.0
81198	45.0
81206	20.0
81215	10.0
81253	10.0
81264	-5.0
81273	-15.0
81281	-5.0
81305	40.0
81309	5.0
81352	35.0
81365	-15.0
81384	10.0
81386	-20.0
81388	-25.0
81410	35.0
81420	5.0
81423	-15.0
81425	-25.0
81446	25.0
81465	10.0
81538	40.0
81576	45.0
81619	20.0
81632	20.0
81634	-25.0
81663	5.0
81674	-10.0
81703	25.0
81747	50.0
81771	-10.0
81818	40.0
81837	5.0
81898	100.0
81901	-20.0
81933	-10.0
81936	-25.0
81938	-25.0
81958	-5.0
81978	5.0
82001	-5.0
82020	5.0
82041	-5.0
82043	-25.0
82045	-25.0
82049	15.0
82054	-30.0
82066	15.0
82068	-25.0
82079	-15.0
82089	25.0
82112	50.0
82124	35.0
82131	0
82134	-20.0
82146	-35.0
82163	20.0
82220	60.0
82274	40.0
82277	-25.0
82279	-25.0
82283	-20.0
82322	55.0
82358	5.0
82374	5.0
82411	25.0
82447	45.0
82458	15.0
82479	-15.0
82481	-30.0
82589	150.0
82621	25.0
82628	15.0
82652	10.0
82663	-5.0
82672	0
82742	90.0
82747	-20.0
82749	-20.0
82758	-15.0
82762	-15.0
82774	40.0
82802	30.0
82804	-25.0
82807	5.0
82811	10.0
82844	50.0
82856	-5.0
82916	40.0
82938	40.0
82959	25.0
82966	-25.0
82993	45.0
83003	0.0
83060	95.0
83084	-25.0
83107	50.0
83150	45.0
83171	-10.0
83173	-25.0
83206	50.0
83229	-5.0
83246	10.0
83272	10.0
83288	10.0
83302	-15.0
83316	-5.0
83327	-20.0
83333	-20.0
83346	-15.0
83352	20.0
83354	-25.0
83367	-15.0
83403	45.0
83453	75.0
83455	-25.0
83465	-25.0
83468	-25.0
83478	-5.0
83494	5.0
83545	-25.0
83549	5.0
83551	-20.0
83574	40.0
83613	40.0
83657	40.0
83745	85.0
83751	20.0
83784	55.0
83786	-25.0
83788	-25.0
83791	-25.0
83816	70.0
83850	40.0
83852	0
83891	25.0
83899	-15.0
83906	-15.0
83915	-10.0
83916	-30.0
83938	0.0
83943	-20.0
83945	-30.0
83956	5.0
83958	-25.0
83973	-20.0
84000	10.0
84007	-15.0
84064	45.0
84071	-10.0
84118	40.0
84131	30.0
84134	-15.0
84215	80.0
84237	20.0
84280	50.0
84313	50.0
84335	-10.0
84388	75.0
84418	30.0
84476	65.0
84503	15.0
84510	10.0
84536	75.0
84569	-5.0
84595	15.0
84597	-25.0
84609	15.0
84611	-25.0
84613	-25.0
84619	-10.0
84646	30.0
84649	-25.0
84658	-10.0
84667	-10.0
84671	10.0
84686	-20.0
84688	-25.0
84719	30.0
84725	10.0
84730	-10.0
84752	15.0
84756	10.0
84761	-5.0
84800	40.0
84811	-10.0
84813	-25.0
84857	-25.0
84883	25.0
84900	-10.0
84906	10.0
84915	-15.0
84917	-30.0
84973	60.0
84983	15.0
85002	-10.0
85032	25.0
85042	15.0
85053	15.0
85081	30.0
85089	-25.0
85092	-20.0
85093	-30.0
85117	20.0
85126	-15.0
85151	10.0
85180	70.0
85182	-25.0
85205	-15.0
85217	15.0
85224	10.0
85301	80.0
85319	-20.0
85330	15.0
85339	-25.0
85382	60.0
85392	20.0
85406	-10.0
85415	20.0
85426	30.0
85429	-25.0
85438	-15.0
85456	20.0
85460	5.0
85478	15.0
85480	-30.0
85491	-20.0
85500	10.0
85502	-30.0
85529	25.0
85541	20.0
85567	-10.0
85576	-15.0
85585	-15.0
85597	-5.0
85603	-5.0
85605	-25.0
85611	-25.0
85624	30.0
85637	-25.0
85646	-15.0
85652	15.0
85699	70.0
85705	20.0
85707	-25.0
85720	35.0
85854	170.0
85860	-30.0
85871	20.0
85937	85.0
85941	-15.0
85949	-5.0
85952	-20.0
85954	-30.0
85963	-10.0
85973	-15.0
86019	45.0
86055	20.0
86099	15.0
86101	0
86127	45.0
86144	10.0
86148	10.0
86159	20.0
86166	-15.0
86213	30.0
86223	30.0
86255	40.0
86265	15.0
86293	0.0
86319	-5.0
86343	-20.0
86350	-5.0
86368	30.0
86378	0.0
86384	15.0
86393	35.0
86401	0.0
86421	-10.0
86446	5.0
86481	75.0
86506	50.0
86515	-15.0
86564	55.0
86586	25.0
86605	20.0
86613	-25.0
86654	30.0
86672	0.0
86681	-10.0
86683	-25.0
86696	-15.0
86728	5.0
86736	-25.0
86793	30.0
86801	-5.0
86803	-25.0
86820	-5.0
86831	30.0
86834	-25.0
86871	-20.0
86879	15.0
86885	-40.0
86904	70.0
86915	-10.0
86922	-5.0
86949	20.0
86992	10.0
87051	60.0
87067	-5.0
87076	10.0
87086	30.0
87098	25.0
87101	-25.0
87108	-40.0
87114	15.0
87120	10.0
87125	20.0
87167	-5.0
87173	10.0
87194	35.0
87239	125.0
87250	-20.0
87308	70.0
87312	-15.0
87351	30.0
87364	-5.0
87376	0
