1	-30.0
6	2.0
14	-46.0
22	-16.0
25	-24.0
36	48.0
49	18.0
57	14.0
66	18.0
73	-24.0
82	2.0
84	-28.0
91	6.0
95	-26.0
97	-28.0
110	20.0
116	-14.0
117	-30.0
121	6.0
135	52.0
147	56.0
155	-12.0
162	10.0
164	-26.0
167	-28.0
175	-26.0
178	4.0
183	12.0
188	4.0
196	20.0
204	20.0
206	0
210	10.0
211	-30.0
227	22.0
230	-26.0
232	-26.0
236	6.0
246	30.0
249	-20.0
251	-28.0
259	14.0
268	-10.0
278	28.0
284	-14.0
289	-20.0
298	22.0
305	-14.0
313	-12.0
320	18.0
321	-30.0
324	-20.0
326	-26.0
333	-18.0
341	16.0
347	8.0
354	-48.0
359	10.0
362	-26.0
365	4.0
370	-22.0
378	-14.0
388	24.0
399	54.0
405	-16.0
409	-16.0
420	24.0
425	-20.0
435	-10.0
437	-28.0
443	-16.0
448	14.0
451	-22.0
453	-26.0
455	-28.0
461	-16.0
470	16.0
475	10.0
479	-24.0
483	-20.0
488	-26.0
496	-8.0
509	24.0
511	-26.0
514	-24.0
520	16.0
524	-26.0
536	-12.0
541	10.0
545	-16.0
547	-28.0
557	24.0
561	-18.0
564	-24.0
571	14.0
577	14.0
588	26.0
594	-20.0
608	18.0
612	4.0
619	-22.0
621	-28.0
624	-26.0
628	8.0
631	-22.0
637	12.0
640	-24.0
649	22.0
655	16.0
662	-22.0
669	12.0
672	-20.0
674	-26.0
677	-22.0
681	-20.0
689	18.0
696	-20.0
698	-28.0
701	-22.0
704	-24.0
706	-28.0
707	-30.0
717	-6.0
719	-30.0
732	30.0
744	26.0
752	10.0
753	-30.0
761	-44.0
764	2.0
771	-18.0
775	-24.0
784	16.0
794	26.0
798	6.0
800	-26.0
802	-26.0
809	18.0
811	-28.0
812	-30.0
819	-42.0
828	-44.0
839	68.0
841	-26.0
848	-20.0
861	26.0
872	18.0
882	20.0
894	26.0
898	-20.0
903	8.0
914	-8.0
919	-12.0
926	-18.0
935	-14.0
941	-14.0
945	10.0
950	12.0
959	0.0
963	-18.0
967	-18.0
973	-18.0
981	-8.0
983	-28.0
992	20.0
1000	-14.0
1007	-10.0
1012	-20.0
1018	10.0
1020	-28.0
1023	2.0
1037	32.0
1043	16.0
1045	-28.0
1051	10.0
1054	6.0
1068	-16.0
1079	-2.0
1083	10.0
1088	8.0
1089	-30.0
1091	0
1098	-22.0
1102	4.0
1117	20.0
1125	20.0
1126	-30.0
1128	-26.0
1136	-6.0
1144	16.0
1153	-16.0
1162	-14.0
1173	60.0
1178	-26.0
1187	18.0
1191	-18.0
1203	14.0
1209	-22.0
1220	-2.0
1229	-6.0
1236	-42.0
1243	-16.0
1250	-16.0
1259	28.0
1273	44.0
1280	22.0
1286	16.0
1293	10.0
1298	10.0
1304	10.0
1306	0
1311	10.0
1318	10.0
1323	-18.0
1334	60.0
1337	-26.0
1346	-8.0
1350	6.0
1355	6.0
1367	26.0
1368	-30.0
1373	-22.0
1376	-26.0
1388	52.0
1398	-4.0
1410	30.0
1423	56.0
1429	-16.0
1430	-30.0
1435	-26.0
1436	-30.0
1446	-44.0
1454	-6.0
1460	12.0
1468	-10.0
1478	-18.0
1480	-26.0
1486	16.0
1492	4.0
1495	2.0
1504	18.0
1515	56.0
1526	36.0
1530	-18.0
1532	-26.0
1537	-18.0
1539	-28.0
1548	-6.0
1553	-20.0
1565	-12.0
1573	-18.0
1579	14.0
1585	-18.0
1595	-10.0
1597	-28.0
1610	-6.0
1622	64.0
1630	14.0
1634	-26.0
1643	20.0
1647	-20.0
1656	-6.0
1659	-24.0
1665	8.0
1672	12.0
1681	-6.0
1695	22.0
1700	10.0
1704	-18.0
1707	2.0
1714	10.0
1720	-22.0
1728	14.0
1729	-30.0
1732	-24.0
1740	22.0
1751	24.0
1757	-16.0
1758	-30.0
1760	-30.0
1768	16.0
1773	-22.0
1780	12.0
1788	-14.0
1796	-12.0
1801	-24.0
1813	62.0
1816	-24.0
1824	22.0
1827	-22.0
1828	-30.0
1831	-24.0
1834	-22.0
1841	18.0
1851	-12.0
1860	-4.0
1872	-6.0
1879	6.0
1891	28.0
1904	66.0
1909	-20.0
1920	58.0
1925	-22.0
1926	-30.0
1930	-26.0
1934	6.0
1940	-22.0
1947	-8.0
1950	-22.0
1955	-18.0
1963	20.0
1972	18.0
1980	-12.0
1986	-26.0
1998	88.0
2009	28.0
2019	-18.0
2021	-26.0
2027	-8.0
2032	-22.0
2039	-18.0
2051	84.0
2053	-28.0
2054	-30.0
2061	12.0
2063	0
2075	56.0
2083	-14.0
2094	-8.0
2100	8.0
2101	-30.0
2104	-28.0
2112	-22.0
2121	-2.0
2123	-26.0
2127	8.0
2131	-24.0
2136	-14.0
2139	-22.0
2143	-24.0
2145	-28.0
2159	30.0
2162	-26.0
2165	-20.0
2173	10.0
2176	-22.0
2177	-30.0
2179	-26.0
2183	-24.0
2195	54.0
2204	-16.0
2209	-18.0
2215	-14.0
2217	-28.0
2223	-16.0
2231	18.0
2243	24.0
2253	22.0
2264	4.0
2271	-12.0
2275	-24.0
2278	-28.0
2288	14.0
2294	-20.0
2300	-18.0
2307	-12.0
2313	-16.0
2316	-22.0
2323	-8.0
2328	10.0
2337	-20.0
2341	4.0
2354	66.0
2359	10.0
2372	64.0
2377	8.0
2385	-16.0
2390	10.0
2395	16.0
2397	-26.0
2402	-14.0
2406	8.0
2412	12.0
2419	20.0
2426	22.0
2431	-18.0
2438	-16.0
2444	14.0
2447	2.0
2450	4.0
2462	22.0
2466	-20.0
2469	-24.0
2471	-26.0
2483	-8.0
2486	-20.0
2492	8.0
2497	-18.0
2506	0.0
2514	18.0
2517	-24.0
2527	24.0
2532	12.0
2536	6.0
2541	-20.0
2548	16.0
2549	-30.0
2550	-30.0
2563	24.0
2567	-18.0
2570	6.0
2576	8.0
2578	-26.0
2580	-26.0
2590	24.0
2594	8.0
2595	-30.0
2606	58.0
2611	10.0
2614	6.0
2620	-16.0
2629	18.0
2630	-30.0
2639	-14.0
2645	12.0
2650	14.0
2655	-20.0
2662	14.0
2668	-22.0
2673	-16.0
2687	18.0
2688	-30.0
2689	-30.0
2693	-18.0
2698	-44.0
2703	-22.0
2710	-48.0
2719	-14.0
2723	-22.0
2735	54.0
2747	52.0
2756	-14.0
2759	-24.0
2766	20.0
2771	-20.0
2779	-48.0
2790	56.0
2791	-30.0
2804	60.0
2817	26.0
2825	-38.0
2827	-28.0
2829	-30.0
2840	62.0
2846	10.0
2850	-22.0
2855	12.0
2861	-26.0
2869	-14.0
2875	16.0
2887	-12.0
2891	8.0
2893	-26.0
2903	22.0
2915	54.0
2922	20.0
2923	-30.0
2926	-22.0
2930	-20.0
2937	16.0
2946	18.0
2948	-26.0
2956	-8.0
2968	30.0
2974	8.0
2982	-8.0
2992	16.0
2999	-16.0
3010	-10.0
3014	-24.0
3021	10.0
3029	26.0
3035	-24.0
3039	-18.0
3043	-22.0
3050	18.0
3063	-14.0
3070	-22.0
3084	48.0
3086	-26.0
3094	-8.0
3096	-28.0
3103	-16.0
3108	-16.0
3112	10.0
3121	-18.0
3127	-14.0
3136	-12.0
3145	16.0
3156	-4.0
3163	-16.0
3169	10.0
3174	6.0
3175	-30.0
3179	-18.0
3187	-12.0
3189	-28.0
3202	20.0
3214	22.0
3219	-24.0
3227	22.0
3228	-30.0
3239	24.0
3242	2.0
3247	-24.0
3260	-8.0
3262	-26.0
3271	-4.0
3281	-12.0
3287	-50.0
3294	-20.0
3301	10.0
3302	-30.0
3313	-6.0
3314	-30.0
3319	-18.0
3323	4.0
3332	-14.0
3337	-20.0
3343	16.0
3356	58.0
3361	8.0
3369	-10.0
3372	-24.0
3375	-20.0
3383	-16.0
3385	-26.0
3394	-14.0
3395	-30.0
3398	4.0
3404	16.0
3413	-4.0
3420	-42.0
3423	-20.0
3426	2.0
3434	-12.0
3438	8.0
3446	-12.0
3453	22.0
3461	-12.0
3475	24.0
3483	-8.0
3486	-22.0
3496	22.0
3502	-48.0
3508	16.0
3510	-24.0
3517	-18.0
3524	-20.0
3527	-22.0
3537	28.0
3543	-22.0
3556	24.0
3565	-18.0
3571	-14.0
3579	-18.0
3585	-18.0
3590	14.0
3603	56.0
3613	14.0
3625	22.0
3629	10.0
3636	16.0
3638	-26.0
3645	18.0
3656	28.0
3667	-12.0
3677	-16.0
3686	-18.0
3698	-14.0
3702	8.0
3704	-28.0
3711	-22.0
3716	14.0
3729	24.0
3734	-24.0
3743	10.0
3749	16.0
3752	-20.0
3759	20.0
3772	28.0
3779	-26.0
3781	-26.0
3788	-22.0
3799	30.0
3811	26.0
3814	-22.0
3819	6.0
3821	-26.0
3828	18.0
3834	-40.0
3846	26.0
3852	-12.0
3859	10.0
3862	-22.0
3873	30.0
3881	-18.0
3888	-14.0
3899	4.0
3908	-20.0
3913	-14.0
3916	-24.0
3921	-20.0
3928	-16.0
3941	58.0
3949	-16.0
3960	-6.0
3962	-26.0
3971	-8.0
3984	60.0
3993	20.0
3997	4.0
4001	-6.0
4004	-22.0
4011	18.0
4022	14.0
4030	-20.0
4040	-10.0
4051	-8.0
4063	54.0
4065	-26.0
4072	16.0
4079	-18.0
4081	-28.0
4091	16.0
4093	-28.0
4096	-22.0
4101	10.0
4111	16.0
4114	-24.0
4121	-14.0
4123	-28.0
4129	-10.0
4136	16.0
4148	60.0
4153	10.0
4155	-26.0
4157	-26.0
4159	-26.0
4166	-4.0
4173	-12.0
4175	-28.0
4178	4.0
4182	-24.0
4185	-24.0
4190	-18.0
4203	50.0
4204	-30.0
4216	28.0
4222	18.0
4228	12.0
4232	-20.0
4235	-20.0
4242	-18.0
4247	-22.0
4252	-22.0
4254	-28.0
4259	-14.0
4268	18.0
4273	-26.0
4283	-10.0
4289	10.0
4301	24.0
4305	-18.0
4310	10.0
4321	22.0
4323	-26.0
4329	-20.0
4341	28.0
4348	-20.0
4357	-8.0
4369	28.0
4374	12.0
4378	-24.0
4380	-26.0
4389	24.0
4393	-22.0
4396	-20.0
4398	-28.0
4410	48.0
4418	18.0
4421	-22.0
4426	12.0
4432	14.0
4436	-18.0
4442	-16.0
4448	16.0
4450	-28.0
4462	18.0
4470	-10.0
4482	66.0
4496	20.0
4504	14.0
4506	-28.0
4511	14.0
4514	-26.0
4519	14.0
4521	-26.0
4525	10.0
4535	-6.0
4541	10.0
4550	-8.0
4557	-14.0
4564	18.0
4566	-28.0
4574	-24.0
4582	-2.0
4595	26.0
4598	-26.0
4605	16.0
4609	6.0
4619	20.0
4632	20.0
4634	-26.0
4637	-26.0
4644	24.0
4657	20.0
4658	-30.0
4667	24.0
4668	-30.0
4680	-2.0
4691	20.0
4704	-16.0
4707	-24.0
4709	-26.0
4716	-14.0
4728	24.0
4737	14.0
4741	-24.0
4746	-22.0
4752	-14.0
4757	10.0
4762	-20.0
4770	-12.0
4774	-24.0
4780	-14.0
4788	20.0
4801	54.0
4807	14.0
4809	-26.0
4818	-12.0
4820	-28.0
4826	-18.0
4832	-20.0
4837	-22.0
4847	-12.0
4852	-20.0
4866	22.0
4871	10.0
4874	2.0
4877	-26.0
4881	6.0
4886	2.0
4891	6.0
4893	-28.0
4904	24.0
4907	2.0
4912	-20.0
4923	56.0
4928	-20.0
4942	58.0
4949	14.0
4954	-20.0
4959	-22.0
4962	-26.0
4967	6.0
4973	-14.0
4980	-24.0
4984	-20.0
4989	8.0
4991	-28.0
5005	58.0
5012	18.0
5015	-26.0
5027	20.0
5031	8.0
5043	52.0
5049	8.0
5052	2.0
5066	44.0
5078	20.0
5087	24.0
5089	-26.0
5094	-24.0
5101	16.0
5103	0
5113	22.0
5118	-20.0
5123	10.0
5128	-16.0
5140	60.0
5142	-26.0
5149	18.0
5163	44.0
5174	24.0
5176	-26.0
5177	-30.0
5180	4.0
5184	-26.0
5191	-14.0
5199	22.0
5213	24.0
5220	12.0
5225	14.0
5226	-30.0
5231	-22.0
5236	12.0
5241	-20.0
5245	-18.0
5252	18.0
5255	-20.0
5258	-24.0
5263	-50.0
5270	10.0
5276	-16.0
5279	-28.0
5281	-28.0
5284	-20.0
5293	20.0
5298	12.0
5300	-28.0
5302	-28.0
5303	-30.0
5310	18.0
5322	26.0
5323	-30.0
5328	-14.0
5340	56.0
5345	16.0
5357	60.0
5361	-22.0
5366	-18.0
5368	-26.0
5371	-26.0
5379	20.0
5392	102.0
5398	-14.0
5409	66.0
5421	88.0
5425	-22.0
5432	-14.0
5434	-28.0
5443	-10.0
5450	-20.0
5457	-14.0
5459	-26.0
5470	10.0
5478	-4.0
5481	4.0
5488	-20.0
5490	-28.0
5496	16.0
5500	-22.0
5505	-22.0
5516	-12.0
5526	14.0
5538	64.0
5547	0.0
5556	-10.0
5563	-42.0
5570	18.0
5573	-24.0
5585	20.0
5593	-8.0
5599	-18.0
5604	-20.0
5609	12.0
5615	12.0
5623	14.0
5630	-16.0
5646	8.0
5655	22.0
5658	-22.0
5663	-16.0
5667	-50.0
5677	-18.0
5687	-10.0
5690	-26.0
5703	52.0
5712	-12.0
5719	18.0
5721	-28.0
5724	-22.0
5727	-24.0
5741	16.0
5748	16.0
5755	18.0
5764	-14.0
5770	12.0
5778	-8.0
5789	58.0
5802	28.0
5813	24.0
5818	-16.0
5822	10.0
5828	-18.0
5835	12.0
5838	-24.0
5852	20.0
5864	32.0
5874	-6.0
5879	-20.0
5886	-44.0
5895	-22.0
5906	26.0
5917	-2.0
5924	-14.0
5926	-26.0
5928	-26.0
5939	20.0
5948	-18.0
5949	-30.0
5952	-26.0
5960	20.0
5964	-22.0
5973	-10.0
5976	-24.0
5983	-44.0
5985	-28.0
5994	22.0
5995	-30.0
5999	-24.0
6003	-24.0
6011	20.0
6012	-30.0
6018	-22.0
6030	30.0
6042	30.0
6046	-22.0
6051	10.0
6055	-20.0
6056	-30.0
6063	-16.0
6069	16.0
6073	-14.0
6077	-18.0
6090	20.0
6093	-24.0
6104	50.0
6107	-22.0
6108	-30.0
6115	-16.0
6120	10.0
6125	10.0
6128	-26.0
6130	-28.0
6139	22.0
6145	-14.0
6159	22.0
6161	-28.0
6163	-26.0
6172	8.0
6179	14.0
6182	-22.0
6184	-28.0
6194	-2.0
6197	-22.0
6199	-26.0
6206	20.0
6216	0.0
6221	-14.0
6233	-4.0
6236	-28.0
6246	-12.0
6258	26.0
6267	18.0
6276	14.0
6289	20.0
6296	12.0
6304	26.0
6310	-18.0
6318	-12.0
6321	-22.0
6332	10.0
6334	-30.0
6345	-4.0
6352	10.0
6366	58.0
6370	4.0
6374	-50.0
6388	24.0
6391	4.0
6397	-24.0
6403	-18.0
6409	-16.0
6418	-14.0
6424	-16.0
6427	-24.0
6439	88.0
6450	18.0
6462	-10.0
6468	14.0
6470	-26.0
6478	-6.0
6485	12.0
6496	24.0
6503	-18.0
6510	-18.0
6515	10.0
6519	-24.0
6524	4.0
6532	18.0
6535	-22.0
6543	-20.0
6546	-20.0
6561	22.0
6571	18.0
6576	-22.0
6579	-20.0
6591	58.0
6601	-8.0
6609	18.0
6611	-26.0
6617	-16.0
6620	-20.0
6626	-14.0
6639	30.0
6650	60.0
6653	-20.0
6656	-24.0
6663	-12.0
6674	58.0
6682	-8.0
6685	-26.0
6695	-4.0
6705	-14.0
6713	6.0
6717	6.0
6723	10.0
6730	18.0
6732	-28.0
6738	12.0
6743	-16.0
6755	64.0
6756	-30.0
6769	56.0
6776	-18.0
6784	-14.0
6788	6.0
6791	-26.0
6797	-14.0
6805	20.0
6811	10.0
6815	8.0
6820	8.0
6822	-30.0
6831	-12.0
6842	18.0
6853	60.0
6867	24.0
6879	56.0
6888	-6.0
6894	14.0
6899	-22.0
6905	-12.0
6916	18.0
6917	-30.0
6921	-20.0
6925	10.0
6930	10.0
6933	-22.0
6938	14.0
6945	-16.0
6951	12.0
6958	8.0
6969	-10.0
6974	-14.0
6985	-6.0
6997	62.0
7002	12.0
7009	-10.0
7012	-26.0
7018	-24.0
7032	24.0
7037	-22.0
7039	-28.0
7043	8.0
7048	6.0
7060	20.0
7063	-26.0
7064	-30.0
7070	-16.0
7074	8.0
7086	32.0
7093	-14.0
7096	-22.0
7097	-30.0
7105	-16.0
7107	-26.0
7112	-16.0
7114	-26.0
7123	-12.0
7130	8.0
7140	-36.0
7142	-28.0
7144	-26.0
7152	20.0
7156	-26.0
7169	26.0
7172	-22.0
7177	-20.0
7183	-18.0
7188	8.0
7192	4.0
7202	-12.0
7215	20.0
7222	18.0
7226	8.0
7237	-2.0
7242	-18.0
7247	-12.0
7249	-26.0
7254	12.0
7258	-22.0
7269	58.0
7280	30.0
7290	22.0
7299	-12.0
7306	-18.0
7318	20.0
7326	16.0
7336	-14.0
7339	-24.0
7341	-28.0
7350	14.0
7359	16.0
7366	14.0
7371	10.0
7376	-20.0
7384	-18.0
7394	-10.0
7400	-12.0
7409	18.0
7417	-24.0
7427	-10.0
7432	12.0
7435	-22.0
7447	26.0
7455	-42.0
7459	-20.0
7466	14.0
7474	-6.0
7476	-28.0
7485	-22.0
7487	-26.0
7490	2.0
7502	24.0
7507	12.0
7520	20.0
7531	20.0
7534	-22.0
7544	20.0
7551	10.0
7561	-18.0
7563	-26.0
7570	-12.0
7575	-24.0
7581	-16.0
7589	12.0
7590	-30.0
7592	-28.0
7598	-18.0
7603	-10.0
7611	20.0
7618	22.0
7628	18.0
7633	6.0
7643	26.0
7647	6.0
7655	-16.0
7656	-30.0
7660	-18.0
7671	-12.0
7680	-12.0
7694	24.0
7696	0
7705	16.0
7714	-16.0
7726	28.0
7732	-14.0
7734	-28.0
7748	24.0
7749	-30.0
7760	24.0
7771	-8.0
7776	-14.0
7788	28.0
7796	-8.0
7808	26.0
7813	10.0
7820	-22.0
7827	16.0
7839	20.0
7844	14.0
7846	-26.0
7849	-26.0
7858	-8.0
7863	-22.0
7874	-12.0
7881	-16.0
7887	-16.0
7891	-22.0
7897	-22.0
7900	4.0
7904	-20.0
7907	2.0
7916	-8.0
7928	24.0
7934	-20.0
7936	-26.0
7943	12.0
7952	-16.0
7960	-8.0
7966	-16.0
7968	-28.0
7974	-20.0
7983	-10.0
7990	-14.0
7995	-14.0
8001	-16.0
8012	24.0
8026	26.0
8029	-26.0
8034	-12.0
8047	26.0
8062	22.0
8064	-28.0
8070	-22.0
8075	-12.0
8077	-26.0
8089	-14.0
8100	16.0
8107	14.0
8119	26.0
8128	12.0
8141	92.0
8155	52.0
8156	-30.0
8165	-6.0
8170	-14.0
8176	-18.0
8180	-22.0
8193	22.0
8199	-18.0
8205	-22.0
8218	26.0
8229	60.0
8238	22.0
8245	-20.0
8258	14.0
8261	-24.0
8275	-18.0
8288	54.0
8298	-18.0
8310	62.0
8313	4.0
8320	-18.0
8324	-22.0
8326	-28.0
8332	10.0
8334	-28.0
8348	92.0
8355	16.0
8359	-16.0
8361	-26.0
8370	-12.0
8380	18.0
8386	-20.0
8389	-20.0
8401	22.0
8409	-14.0
8421	62.0
8426	-16.0
8437	-6.0
8449	60.0
8450	-30.0
8461	-22.0
8466	-26.0
8468	-26.0
8482	18.0
8483	-30.0
8489	-12.0
8495	-12.0
8498	-24.0
8500	-28.0
8514	64.0
8526	54.0
8530	-22.0
8540	16.0
8546	-14.0
8549	6.0
8550	-30.0
8561	0.0
8566	-16.0
8572	-16.0
8581	-20.0
8589	14.0
8601	16.0
8608	-22.0
8616	-10.0
8622	-16.0
8635	24.0
8645	18.0
8653	-14.0
8666	48.0
8679	28.0
8686	14.0
8688	-26.0
8698	-4.0
8701	-26.0
8714	52.0
8722	-10.0
8729	-14.0
8733	8.0
8746	-12.0
8759	56.0
8771	-2.0
8782	-14.0
8790	-8.0
8795	-20.0
8809	54.0
8814	8.0
8821	-20.0
8823	-28.0
8830	12.0
8832	-26.0
8836	-26.0
8846	0.0
8852	-52.0
8862	28.0
8870	-8.0
8877	-16.0
8879	-26.0
8884	-18.0
8897	26.0
8899	-26.0
8908	-10.0
8921	24.0
8932	56.0
8936	-16.0
8951	48.0
8957	-26.0
8962	-16.0
8971	16.0
8980	26.0
8986	12.0
8989	-24.0
8994	-22.0
9004	-2.0
9019	30.0
9028	-18.0
9034	-4.0
9039	-16.0
9052	18.0
9061	-12.0
9063	-26.0
9070	-12.0
9082	52.0
9091	-6.0
9098	-12.0
9108	-14.0
9110	-26.0
9121	90.0
9124	-28.0
9135	-6.0
9141	-20.0
9146	-24.0
9156	0.0
9166	-16.0
9172	-16.0
9175	-28.0
9184	-16.0
9190	-16.0
9191	-30.0
9201	22.0
9205	8.0
9218	18.0
9227	-16.0
9239	-20.0
9246	18.0
9248	-26.0
9252	-22.0
9264	34.0
9274	16.0
9286	28.0
9291	-10.0
9295	-20.0
9304	-12.0
9310	-22.0
9316	-42.0
9324	20.0
9328	-20.0
9338	8.0
9342	4.0
9348	16.0
9356	14.0
9364	-14.0
9366	-28.0
9373	-44.0
9380	12.0
9390	-12.0
9401	58.0
9407	-20.0
9410	-22.0
9417	22.0
9425	-12.0
9434	-10.0
9446	56.0
9455	-6.0
9466	-18.0
9478	52.0
9480	-28.0
9489	-4.0
9492	-22.0
9501	18.0
9510	6.0
9520	-16.0
9529	-14.0
9536	16.0
9550	22.0
9557	-52.0
9561	-20.0
9563	-28.0
9567	10.0
9569	-28.0
9581	36.0
9585	6.0
9592	-12.0
9602	26.0
9613	56.0
9616	6.0
9630	56.0
9642	58.0
9646	-26.0
9651	-14.0
9657	-20.0
9662	-22.0
9667	10.0
9674	-14.0
9683	-8.0
9695	46.0
9696	-30.0
9698	-26.0
9712	54.0
9714	-26.0
9719	-18.0
9723	6.0
9728	8.0
9737	14.0
9750	64.0
9756	-22.0
9763	-16.0
9772	-12.0
9780	18.0
9787	-16.0
9798	-38.0
9805	16.0
9809	-22.0
9815	14.0
9818	-24.0
9825	-20.0
9829	-24.0
9841	20.0
9847	-20.0
9853	-20.0
9856	-28.0
9860	-18.0
9869	-10.0
9882	34.0
9895	-14.0
9902	14.0
9910	-16.0
9916	14.0
9920	4.0
9925	-12.0
9930	8.0
9943	32.0
9953	-2.0
9958	8.0
9961	-20.0
9974	52.0
9975	-30.0
9982	-14.0
9988	-20.0
9990	-28.0
10002	56.0
10011	-16.0
10023	30.0
10031	14.0
10035	4.0
10042	-22.0
10051	16.0
10059	22.0
10074	56.0
10078	8.0
10080	-26.0
10093	62.0
10102	12.0
10105	4.0
10117	0.0
10122	-14.0
10128	18.0
10131	-52.0
10141	-10.0
10154	26.0
10160	6.0
10162	-26.0
10167	10.0
10174	12.0
10181	18.0
10191	-22.0
10197	-20.0
10211	54.0
10213	-26.0
10219	-20.0
10224	-10.0
10228	-16.0
10238	-16.0
10247	-10.0
10251	-26.0
10258	-12.0
10272	56.0
10276	-22.0
10283	-16.0
10290	14.0
10302	-12.0
10305	-22.0
10316	66.0
10328	28.0
10338	0.0
10347	14.0
10355	-12.0
10366	-6.0
10378	46.0
10385	20.0
10390	4.0
10394	6.0
10401	-16.0
10408	14.0
10411	-22.0
10416	8.0
10423	-14.0
10428	-12.0
10441	30.0
10444	-22.0
10452	24.0
10460	-12.0
10465	-22.0
10470	-22.0
10478	20.0
10482	-18.0
10486	-24.0
10499	24.0
10506	-14.0
10510	4.0
10512	-26.0
10519	-16.0
10524	-28.0
10530	-14.0
10541	60.0
10543	-26.0
10552	6.0
10557	10.0
10562	-18.0
10569	-16.0
10582	30.0
10591	-4.0
10595	6.0
10600	-24.0
10603	6.0
10606	-24.0
10618	28.0
10631	26.0
10636	10.0
10648	66.0
10654	-16.0
10663	12.0
10668	-22.0
10671	-20.0
10676	-14.0
10689	54.0
10702	60.0
10710	-12.0
10712	-26.0
10720	-46.0
10733	86.0
10739	-18.0
10741	-26.0
10748	-22.0
10757	28.0
10765	-2.0
10772	10.0
10773	-30.0
10787	46.0
10789	-26.0
10791	-28.0
10793	-28.0
10803	-44.0
10810	12.0
10819	-6.0
10821	-26.0
10825	-26.0
10830	-18.0
10836	-18.0
10840	6.0
10843	-24.0
10844	-30.0
10854	-14.0
10856	-26.0
10860	-22.0
10866	-14.0
10870	6.0
10876	16.0
10881	12.0
10885	6.0
10891	14.0
10903	64.0
10912	-10.0
10924	62.0
10932	12.0
10938	-20.0
10947	22.0
10952	-20.0
10961	-20.0
10969	-18.0
10976	-16.0
10982	-20.0
10993	26.0
11000	24.0
11011	-4.0
11013	-26.0
11016	-20.0
11018	-26.0
11025	-16.0
11032	-16.0
11036	6.0
11050	54.0
11063	26.0
11071	-44.0
11076	-24.0
11083	12.0
11092	-14.0
11104	22.0
11107	4.0
11112	-22.0
11123	64.0
11135	62.0
11138	-22.0
11151	62.0
11160	-8.0
11161	-30.0
11165	-26.0
11174	-10.0
11181	-18.0
11194	56.0
11199	-24.0
11205	8.0
11208	-24.0
11222	22.0
11224	-26.0
11232	-20.0
11246	54.0
11254	12.0
11263	2.0
11273	-18.0
11285	22.0
11292	-20.0
11298	12.0
11305	12.0
11319	60.0
11322	-24.0
11326	-24.0
11332	-18.0
11336	10.0
11349	52.0
11355	-18.0
11366	10.0
11374	24.0
11381	18.0
11390	-14.0
11404	26.0
11406	-28.0
11412	-16.0
11420	-14.0
11433	18.0
11445	22.0
11450	12.0
11454	-22.0
11464	-4.0
11475	-12.0
11482	-16.0
11484	-28.0
11488	6.0
11493	6.0
11505	20.0
11512	-44.0
11523	70.0
11535	20.0
11536	-30.0
11544	-12.0
11558	20.0
11565	-20.0
11572	22.0
11580	-4.0
11582	-26.0
11587	10.0
11597	-12.0
11599	-26.0
11601	-28.0
11612	24.0
11618	18.0
11630	62.0
11639	-12.0
11642	-22.0
11647	8.0
11658	36.0
11664	-18.0
11668	8.0
11682	26.0
11685	-22.0
11692	12.0
11707	48.0
11714	18.0
11724	-10.0
11731	16.0
11736	12.0
11738	-28.0
11746	-12.0
11749	-24.0
11761	28.0
11766	12.0
11776	-20.0
11788	54.0
11800	30.0
11805	6.0
11811	-10.0
11817	-20.0
11826	14.0
11829	-22.0
11836	8.0
11845	22.0
11850	6.0
11856	-18.0
11871	32.0
11878	-20.0
11891	54.0
11903	62.0
11906	-28.0
11911	8.0
11916	12.0
11918	-28.0
11925	-12.0
11931	8.0
11938	-14.0
11942	10.0
11946	10.0
11960	26.0
11963	-24.0
11970	-14.0
11972	-28.0
11982	22.0
11987	-20.0
11994	-18.0
12001	54.0
12003	-26.0
12013	-10.0
12024	-20.0
12034	-8.0
12043	-10.0
12051	6.0
12060	-18.0
12062	-24.0
12070	-4.0
12075	8.0
12082	-16.0
12094	-2.0
12100	18.0
12110	-4.0
12115	-16.0
12119	8.0
12130	-12.0
12137	16.0
12148	52.0
12159	62.0
12167	16.0
12174	-18.0
12183	-44.0
12192	16.0
12204	62.0
12209	-18.0
12212	-26.0
12225	-42.0
12227	0
12234	-20.0
12242	-20.0
12250	16.0
12255	8.0
12267	58.0
12279	30.0
12292	58.0
12294	-26.0
12300	4.0
12312	62.0
12320	12.0
12324	8.0
12333	-14.0
12350	22.0
12351	-30.0
12354	-20.0
12369	26.0
12374	-20.0
12388	30.0
12400	24.0
12402	-28.0
12403	-30.0
12411	-12.0
12416	-22.0
12425	-22.0
12440	58.0
12446	16.0
12451	12.0
12459	8.0
12468	-14.0
12484	62.0
12493	18.0
12500	-14.0
12506	-18.0
12516	18.0
12526	62.0
12535	12.0
12541	8.0
12547	-20.0
12555	-16.0
12559	-50.0
12571	62.0
12576	-22.0
12582	14.0
12587	-22.0
12588	-30.0
12596	18.0
12603	-22.0
12614	18.0
12625	16.0
12639	56.0
12645	-22.0
12650	-22.0
12657	-18.0
12661	-22.0
12665	-22.0
12670	-22.0
12684	18.0
12692	-20.0
12695	-24.0
12707	-12.0
12714	-8.0
12729	52.0
12741	54.0
12747	-12.0
12750	6.0
12754	-22.0
12758	-20.0
12762	10.0
12768	-12.0
12781	58.0
12789	-18.0
12800	-8.0
12810	24.0
12815	-14.0
12821	-18.0
12824	-26.0
12835	18.0
12842	-16.0
12853	-12.0
12863	26.0
12874	16.0
12881	-20.0
12884	-22.0
12890	-24.0
12894	6.0
12904	-4.0
12914	20.0
12923	-12.0
12929	-18.0
12936	12.0
12939	-24.0
12949	16.0
12957	-8.0
12973	46.0
12988	20.0
13001	28.0
13007	-20.0
13010	4.0
13022	24.0
13024	-28.0
13038	26.0
13043	8.0
13048	-14.0
13054	14.0
13066	22.0
13068	-30.0
13075	20.0
13085	2.0
13096	60.0
13099	-26.0
13109	-6.0
13117	-20.0
13119	-26.0
13123	-24.0
13128	-18.0
13134	8.0
13142	-12.0
13151	-6.0
13155	-24.0
13164	-14.0
13170	-20.0
13181	60.0
13188	-4.0
13191	4.0
13199	12.0
13209	20.0
13216	-22.0
13217	-30.0
13228	14.0
13234	-16.0
13241	-14.0
13254	54.0
13263	-6.0
13268	10.0
13275	20.0
13276	-30.0
13288	60.0
13291	-20.0
13300	-14.0
13312	20.0
13317	10.0
13324	-20.0
13337	24.0
13346	-18.0
13348	-26.0
13354	12.0
13367	58.0
13369	-26.0
13378	-16.0
13386	14.0
13397	60.0
13408	-38.0
13416	16.0
13418	-28.0
13431	36.0
13442	96.0
13446	-20.0
13454	-20.0
13463	-10.0
13467	-22.0
13472	-18.0
13478	-14.0
13479	-30.0
13491	-40.0
13493	-30.0
13501	-14.0
13509	-10.0
13512	4.0
13522	12.0
13527	-14.0
13539	52.0
13546	-16.0
13559	56.0
13561	-28.0
13568	-14.0
13577	18.0
13586	20.0
13588	-26.0
13600	68.0
13612	-10.0
13623	-12.0
13629	-20.0
13638	28.0
13643	-18.0
13647	12.0
13660	22.0
13672	30.0
13684	0.0
13697	54.0
13710	58.0
13717	-16.0
13722	-10.0
13729	16.0
13738	-20.0
13749	60.0
13761	28.0
13768	16.0
13770	-26.0
13776	-14.0
13778	-28.0
13784	-24.0
13788	10.0
13803	52.0
13816	26.0
13821	-14.0
13832	-10.0
13845	24.0
13850	-22.0
13856	-16.0
13869	32.0
13875	-20.0
13882	-20.0
13894	-4.0
13903	-10.0
13910	20.0
13913	-24.0
13918	10.0
13925	-14.0
13931	-20.0
13934	-24.0
13937	-24.0
13950	18.0
13952	-28.0
13958	8.0
13960	-26.0
13966	-22.0
13976	14.0
13982	14.0
13995	60.0
14003	-14.0
14012	10.0
14027	52.0
14040	60.0
14053	46.0
14057	-20.0
14064	-20.0
14069	8.0
14073	6.0
14085	14.0
14097	16.0
14103	14.0
14115	54.0
14121	-16.0
14134	56.0
14141	18.0
14146	-18.0
14159	-8.0
14166	-22.0
14172	-20.0
14178	-18.0
14186	-10.0
14190	-24.0
14197	-20.0
14205	-22.0
14211	-16.0
14221	-2.0
14229	-8.0
14243	-10.0
14246	-20.0
14258	58.0
14265	-18.0
14271	-16.0
14276	-22.0
14287	24.0
14296	-10.0
14308	-12.0
14320	24.0
14322	-30.0
14335	22.0
14348	58.0
14353	-20.0
14366	14.0
14372	-22.0
14382	-12.0
14387	14.0
14396	-16.0
14403	-18.0
14405	-26.0
14411	6.0
14419	-20.0
14429	-16.0
14440	22.0
14454	24.0
14457	-24.0
14462	-20.0
14473	54.0
14486	58.0
14498	56.0
14512	58.0
14514	-28.0
14525	60.0
14531	4.0
14536	-14.0
14545	-48.0
14550	-52.0
14565	56.0
14577	16.0
14586	16.0
14596	-6.0
14603	-14.0
14610	12.0
14616	6.0
14622	-16.0
14624	-26.0
14629	-20.0
14634	-16.0
14639	-16.0
14643	-18.0
14646	-22.0
14652	-12.0
14661	-2.0
14672	62.0
14676	8.0
14687	56.0
14689	-26.0
14698	18.0
14708	-4.0
14711	6.0
14723	24.0
14726	-24.0
14731	14.0
14742	28.0
14747	-12.0
14751	6.0
14756	8.0
14770	58.0
14775	12.0
14788	20.0
14793	-22.0
14798	12.0
14807	-18.0
14814	20.0
14821	-22.0
14825	-24.0
14840	20.0
14849	14.0
14853	-22.0
14855	-28.0
14857	-26.0
14862	-22.0
14870	-14.0
14881	-6.0
14891	-14.0
14903	-16.0
14915	30.0
14928	34.0
14931	-22.0
14938	16.0
14949	62.0
14960	64.0
14967	-14.0
14977	-2.0
14979	-28.0
14982	-20.0
14989	18.0
15001	-4.0
15014	32.0
15018	6.0
15025	-16.0
15029	6.0
15036	16.0
15049	30.0
15053	8.0
15064	-4.0
15074	30.0
15080	-12.0
15086	8.0
15095	-6.0
15109	26.0
15121	24.0
15125	-18.0
15129	-22.0
15139	24.0
15141	-28.0
15147	-18.0
15154	-16.0
15164	18.0
15172	-4.0
15177	10.0
15189	62.0
15202	90.0
15204	-26.0
15209	-20.0
15212	-22.0
15220	-12.0
15225	-16.0
15232	12.0
15238	8.0
15248	0.0
15256	-14.0
15261	-14.0
15267	-20.0
15281	20.0
15289	20.0
15296	18.0
15305	-18.0
15310	-22.0
15315	-20.0
15323	-26.0
15336	26.0
15339	-22.0
15343	8.0
15354	64.0
15356	-28.0
15357	-30.0
15364	10.0
15370	-14.0
15377	14.0
15389	60.0
15390	-30.0
15404	32.0
15411	-18.0
15416	10.0
15429	16.0
15438	-10.0
15448	20.0
15456	14.0
15464	-16.0
15467	-24.0
15470	-26.0
15481	22.0
15483	-26.0
15491	16.0
15499	-8.0
15513	56.0
15524	56.0
15526	-24.0
15537	-10.0
15546	-18.0
15552	-20.0
15555	-22.0
15566	56.0
15578	22.0
15582	4.0
15588	-18.0
15595	-12.0
15604	10.0
15613	14.0
15625	-6.0
15634	22.0
15650	8.0
15653	-24.0
15664	30.0
15668	-20.0
15677	24.0
15682	6.0
15694	54.0
15701	14.0
15713	64.0
15715	-28.0
15722	-22.0
15727	-18.0
15741	20.0
15752	24.0
15759	-18.0
15766	-2.0
15770	6.0
15785	50.0
15793	26.0
15801	-42.0
15807	-16.0
15818	24.0
15824	-12.0
15835	56.0
15843	10.0
15855	28.0
15864	-2.0
15876	0.0
15880	10.0
15887	-20.0
15893	-52.0
15898	8.0
15911	-10.0
15919	-14.0
15923	6.0
15936	26.0
15948	-8.0
15962	14.0
15967	-20.0
15975	18.0
15978	2.0
15993	80.0
15994	-30.0
16001	62.0
16010	-4.0
16015	-24.0
16018	-26.0
16023	-50.0
16036	64.0
16044	18.0
16050	-12.0
16064	16.0
16072	-10.0
16078	-20.0
16093	30.0
16105	62.0
16109	-20.0
16117	8.0
16122	12.0
16135	22.0
16141	10.0
16146	-18.0
16153	8.0
16166	64.0
16173	-14.0
16179	-18.0
16181	-26.0
16192	-8.0
16194	-26.0
16200	-20.0
16215	56.0
16218	4.0
16221	-22.0
16235	54.0
16243	22.0
16247	-14.0
16251	-22.0
16263	16.0
16271	-14.0
16274	-22.0
16286	-10.0
16288	-28.0
16299	-8.0
16309	20.0
16320	14.0
16324	4.0
16325	-30.0
16327	-26.0
16339	26.0
16354	56.0
16366	2.0
16376	18.0
16389	26.0
16393	10.0
16398	-22.0
16403	6.0
16414	58.0
16417	-24.0
16419	-28.0
16421	-28.0
16433	50.0
16439	-18.0
16448	-12.0
16456	20.0
16462	-24.0
16466	6.0
16477	30.0
16484	-10.0
16490	-20.0
16496	12.0
16500	8.0
16503	-26.0
16505	-28.0
16508	-20.0
16515	16.0
16529	20.0
16534	12.0
16540	14.0
16545	-24.0
16556	24.0
16558	-26.0
16572	56.0
16578	16.0
16584	-14.0
16595	58.0
16606	52.0
16620	18.0
16623	4.0
16635	56.0
16648	28.0
16655	16.0
16658	-22.0
16671	-10.0
16684	24.0
16690	-18.0
16696	12.0
16707	98.0
16715	14.0
16716	-30.0
16722	-12.0
16728	-16.0
16741	26.0
16744	-24.0
16753	-6.0
16758	-24.0
16762	-18.0
16767	-16.0
16773	-24.0
16776	-24.0
16788	60.0
16793	-18.0
16806	68.0
16817	20.0
16819	0
16831	-14.0
16846	50.0
16853	-6.0
16862	-42.0
16864	-26.0
16866	-28.0
16872	-16.0
16875	4.0
16884	18.0
16886	0
16899	52.0
16902	-24.0
16912	-16.0
16921	-8.0
16928	-12.0
16938	60.0
16943	12.0
16955	60.0
16966	26.0
16972	10.0
16985	60.0
16987	-28.0
16994	12.0
17001	-14.0
17013	12.0
17015	-28.0
17026	-16.0
17040	52.0
17045	-12.0
17056	56.0
17069	24.0
17080	54.0
17091	60.0
17098	-46.0
17107	16.0
17109	-28.0
17117	18.0
17121	-18.0
17133	64.0
17138	-12.0
17140	-28.0
17147	16.0
17156	-16.0
17164	-12.0
17173	16.0
17179	-20.0
17186	16.0
17194	20.0
17195	-30.0
17199	-22.0
17212	14.0
17226	48.0
17239	22.0
17244	-16.0
17253	-14.0
17263	-8.0
17270	-12.0
17276	6.0
17285	22.0
17296	0.0
17305	-20.0
17311	-20.0
17317	-16.0
17321	8.0
17328	-10.0
17334	14.0
17344	26.0
17358	30.0
17372	30.0
17385	64.0
17389	-18.0
17395	12.0
17403	-8.0
17406	-22.0
17418	66.0
17428	18.0
17435	18.0
17447	56.0
17451	-20.0
17465	84.0
17473	10.0
17475	-28.0
17479	8.0
17493	24.0
17499	6.0
17506	8.0
17512	-8.0
17523	30.0
17535	14.0
17540	-20.0
17550	20.0
17552	-26.0
17561	8.0
17565	-20.0
17577	24.0
17581	-18.0
17589	-10.0
17591	-28.0
17601	14.0
17614	58.0
17626	24.0
17639	16.0
17645	-22.0
17655	-2.0
17667	52.0
17682	48.0
17684	-28.0
17685	-30.0
17693	-20.0
17698	12.0
17704	-20.0
17713	22.0
17721	-18.0
17733	24.0
17737	-26.0
17747	16.0
17755	26.0
17758	-24.0
17762	-26.0
17774	62.0
17780	-16.0
17789	-10.0
17791	-26.0
17804	48.0
17808	-20.0
17820	58.0
17828	-10.0
17835	-16.0
17842	-18.0
17855	-2.0
17864	-16.0
17870	6.0
17881	-44.0
17884	-26.0
17887	-26.0
17899	58.0
17909	26.0
17912	-20.0
17917	14.0
17922	-22.0
17930	-22.0
17933	-26.0
17945	30.0
17956	-8.0
17965	24.0
17974	16.0
17977	-22.0
17984	-48.0
17987	-54.0
17988	-30.0
17992	-22.0
17999	-22.0
18013	22.0
18021	-10.0
18032	22.0
18043	30.0
18046	-24.0
18054	16.0
18063	-10.0
18065	-28.0
18076	22.0
18084	18.0
18085	-30.0
18088	-24.0
18091	-24.0
18093	-26.0
18104	28.0
18115	28.0
18128	24.0
18138	22.0
18140	-28.0
18150	-10.0
18162	26.0
18167	-22.0
18181	54.0
18189	-16.0
18197	-20.0
18208	-6.0
18221	60.0
18232	30.0
18247	56.0
18249	-26.0
18260	50.0
18264	-18.0
18275	-6.0
18287	24.0
18298	-10.0
18310	58.0
18313	-20.0
18320	14.0
18323	-22.0
18328	12.0
18339	-8.0
18352	84.0
18366	52.0
18373	-22.0
18380	-10.0
18389	16.0
18396	10.0
18405	-4.0
18413	-10.0
18424	58.0
18427	4.0
18440	34.0
18450	-10.0
18461	22.0
18465	-20.0
18477	58.0
18490	14.0
18498	10.0
18500	-28.0
18507	18.0
18513	-14.0
18516	-22.0
18528	60.0
18531	6.0
18539	-4.0
18556	22.0
18561	10.0
18567	-22.0
18578	60.0
18587	-8.0
18591	-18.0
18594	6.0
18604	-14.0
18611	14.0
18615	-20.0
18616	-30.0
18629	56.0
18632	-20.0
18644	26.0
18651	-16.0
18654	-22.0
18656	-26.0
18664	-14.0
18673	18.0
18681	-18.0
18684	-24.0
18696	26.0
18699	-22.0
18713	84.0
18715	-26.0
18722	-16.0
18730	-10.0
18741	-8.0
18753	28.0
18764	64.0
18776	28.0
18780	6.0
18785	-14.0
18793	24.0
18807	22.0
18815	-14.0
18818	4.0
18831	54.0
18839	-6.0
18845	-48.0
18851	-14.0
18855	-18.0
18866	-12.0
18869	-26.0
18880	58.0
18886	-20.0
18901	14.0
18904	-26.0
18911	-18.0
18918	10.0
18921	2.0
18933	22.0
18943	-4.0
18954	30.0
18964	4.0
18968	-24.0
18975	10.0
18979	10.0
18985	-20.0
18988	-22.0
18994	4.0
18996	-28.0
19005	-10.0
19015	-8.0
19021	8.0
19032	0.0
19038	-14.0
19045	14.0
19047	-60.0
19055	20.0
19058	-24.0
19065	6.0
19070	-18.0
19079	-6.0
19087	-12.0
19090	-24.0
19101	56.0
19109	-12.0
19120	20.0
19127	-14.0
19136	-18.0
19147	-10.0
19149	-28.0
19157	20.0
19163	-10.0
19173	-4.0
19186	30.0
19190	-22.0
19204	24.0
19210	14.0
19217	-20.0
19221	-26.0
19231	28.0
19233	-26.0
19239	-16.0
19252	-10.0
19260	-18.0
19263	-24.0
19266	-24.0
19272	-8.0
19285	-4.0
19287	-28.0
19292	-12.0
19297	-16.0
19306	-14.0
19315	-8.0
19317	-26.0
19327	-10.0
19334	20.0
19340	18.0
19353	92.0
19356	-24.0
19361	-16.0
19365	-18.0
19373	24.0
19380	16.0
19384	-18.0
19391	6.0
19405	-14.0
19409	-22.0
19416	-18.0
19421	-20.0
19424	4.0
19429	10.0
19432	-22.0
19437	-20.0
19447	-2.0
19450	-24.0
19460	0.0
19471	62.0
19480	-10.0
19483	-20.0
19495	30.0
19502	14.0
19505	-24.0
19514	-6.0
19515	-30.0
19520	-20.0
19525	16.0
19537	62.0
19553	18.0
19558	8.0
19563	8.0
19569	-18.0
19570	-30.0
19579	18.0
19585	-18.0
19590	-14.0
19597	22.0
19606	-2.0
19608	-28.0
19613	-20.0
19618	12.0
19625	10.0
19629	-20.0
19633	-18.0
19650	12.0
19662	30.0
19668	-22.0
19681	22.0
19694	56.0
19695	-30.0
19700	-20.0
19706	-14.0
19719	58.0
19728	22.0
19739	60.0
19746	-22.0
19752	-16.0
19764	24.0
19776	58.0
19787	54.0
19797	-4.0
19803	-6.0
19814	54.0
19816	-28.0
19820	10.0
19822	-26.0
19832	-6.0
19836	-18.0
19839	6.0
19846	14.0
19855	14.0
19858	4.0
19864	-16.0
19869	12.0
19877	-16.0
19883	-14.0
19885	-26.0
19893	-10.0
19907	22.0
19919	58.0
19928	18.0
19940	56.0
19952	28.0
19954	-26.0
19960	-24.0
19974	50.0
19980	6.0
19989	-8.0
20000	-4.0
20013	50.0
20024	-10.0
20030	-8.0
20043	92.0
20055	12.0
20070	12.0
20072	-28.0
20085	30.0
20093	12.0
20099	-22.0
20114	20.0
20122	-18.0
20133	18.0
20146	24.0
20152	18.0
20165	-2.0
20171	12.0
20182	-4.0
20184	-28.0
20194	14.0
20199	-12.0
20206	-16.0
20211	-14.0
20221	34.0
20234	58.0
20247	24.0
20252	-12.0
20256	-24.0
20262	-10.0
20264	-26.0
20272	-14.0
20277	10.0
20289	54.0
20303	50.0
20314	2.0
20317	-24.0
20325	-18.0
20332	-20.0
20338	-18.0
20343	-54.0
20345	-28.0
20347	-28.0
20360	22.0
20367	-24.0
20375	-16.0
20380	6.0
20391	64.0
20400	-8.0
20416	48.0
20425	-6.0
20434	-10.0
20447	26.0
20459	66.0
20468	16.0
20477	-14.0
20481	-22.0
20491	26.0
20497	-16.0
20509	58.0
20519	-12.0
20525	-20.0
20536	54.0
20546	22.0
20558	28.0
20562	-18.0
20566	-24.0
20578	58.0
20579	-30.0
20592	60.0
20600	14.0
20604	-20.0
20618	60.0
20625	10.0
20639	46.0
20643	-20.0
20645	-26.0
20656	8.0
20668	88.0
20675	20.0
20679	-22.0
20685	14.0
20689	-24.0
20699	18.0
20706	-18.0
20715	24.0
20724	-16.0
20726	-26.0
20731	-18.0
20741	-12.0
20746	-20.0
20758	22.0
20767	14.0
20775	-12.0
20781	14.0
20791	-12.0
20799	14.0
20805	6.0
20808	-26.0
20823	52.0
20835	52.0
20849	20.0
20861	26.0
20863	-28.0
20865	-28.0
20874	16.0
20879	-20.0
20881	-28.0
20890	8.0
20891	-30.0
20902	56.0
20912	64.0
20923	60.0
20927	-24.0
20938	56.0
20951	-10.0
20957	-16.0
20969	16.0
20976	-48.0
20987	36.0
20999	54.0
21002	-22.0
21009	12.0
21014	-16.0
21016	-28.0
21018	-26.0
21034	48.0
21043	-10.0
21052	14.0
21061	16.0
21066	-16.0
21070	-20.0
21075	12.0
21089	32.0
21094	-24.0
21100	-18.0
21111	32.0
21123	58.0
21129	-16.0
21135	-12.0
21141	-20.0
21155	-20.0
21158	-20.0
21167	-10.0
21179	56.0
21183	-24.0
21184	-30.0
21185	-30.0
21194	24.0
21205	18.0
21219	50.0
21225	-18.0
21227	-28.0
21236	-4.0
21242	-12.0
21245	-24.0
21252	14.0
21259	12.0
21272	18.0
21274	-28.0
21282	-16.0
21285	-22.0
21292	-14.0
21294	-26.0
21302	-14.0
21312	-12.0
21317	-16.0
21319	-26.0
21325	4.0
21330	-12.0
21337	4.0
21343	-20.0
21356	86.0
21371	50.0
21376	10.0
21386	-16.0
21394	-14.0
21400	16.0
21410	16.0
21416	-12.0
21429	54.0
21440	56.0
21448	16.0
21455	-18.0
21458	-24.0
21470	30.0
21472	-28.0
21488	18.0
21490	-26.0
21497	-8.0
21503	12.0
21509	6.0
21518	-8.0
21533	24.0
21546	20.0
21553	16.0
21556	-28.0
21570	28.0
21578	28.0
21584	-16.0
21588	-24.0
21605	48.0
21612	-22.0
21626	30.0
21640	22.0
21646	8.0
21658	24.0
21665	-18.0
21670	-18.0
21672	-28.0
21679	-12.0
21684	-18.0
21687	-22.0
21692	-18.0
21704	88.0
21716	-6.0
21717	-30.0
21726	26.0
21732	-16.0
21746	54.0
21747	-30.0
21761	42.0
21775	22.0
21778	-26.0
21791	-14.0
21798	18.0
21812	54.0
21824	28.0
21830	16.0
21832	-26.0
21839	-12.0
21846	-10.0
21854	12.0
21869	48.0
21884	22.0
21890	-10.0
21902	16.0
21905	-22.0
21918	30.0
21925	10.0
21939	18.0
21942	4.0
21947	12.0
21954	-20.0
21958	-22.0
21965	20.0
21980	50.0
21988	-12.0
21990	-26.0
22002	16.0
22011	-12.0
22024	48.0
22027	8.0
22037	-10.0
22045	-12.0
22058	22.0
22062	-22.0
22066	-24.0
22073	14.0
22080	-10.0
22094	62.0
22102	22.0
22108	8.0
22110	-26.0
22114	6.0
22119	-14.0
22122	-22.0
22130	-16.0
22147	22.0
22150	-22.0
22155	-22.0
22167	-12.0
22175	6.0
22183	-2.0
22196	30.0
22198	-24.0
22204	10.0
22212	-10.0
22224	56.0
22230	-20.0
22242	-6.0
22253	26.0
22266	36.0
22269	-22.0
22276	16.0
22280	-26.0
22282	-26.0
22292	24.0
22294	-24.0
22306	-6.0
22311	12.0
22323	48.0
22325	-26.0
22337	66.0
22340	-22.0
22345	10.0
22357	54.0
22363	-14.0
22368	6.0
22378	-14.0
22385	-20.0
22390	-12.0
22401	58.0
22405	-22.0
22418	56.0
22419	-30.0
22426	14.0
22428	-26.0
22433	10.0
22443	-14.0
22455	54.0
22460	10.0
22472	-8.0
22479	18.0
22481	-26.0
22490	16.0
22503	90.0
22510	-16.0
22522	28.0
22527	10.0
22538	-14.0
22543	-22.0
22554	18.0
22561	-14.0
22572	58.0
22575	2.0
22579	-18.0
22581	-26.0
22582	-30.0
22594	18.0
22607	58.0
22615	16.0
22622	-8.0
22633	60.0
22645	54.0
22646	-30.0
22657	0.0
22672	54.0
22685	26.0
22696	62.0
22699	4.0
22705	-10.0
22716	26.0
22720	-24.0
22726	-22.0
22731	-14.0
22734	-24.0
22746	18.0
22757	64.0
22760	-22.0
22774	46.0
22783	16.0
22790	-20.0
22795	-22.0
22808	-8.0
22819	58.0
22821	-28.0
22830	-10.0
22832	-28.0
22837	-22.0
22845	6.0
22848	-26.0
22851	4.0
22862	28.0
22875	58.0
22884	-10.0
22896	60.0
22908	62.0
22914	-22.0
22920	-6.0
22922	-26.0
22929	-26.0
22939	26.0
22947	16.0
22953	-52.0
22959	6.0
22972	62.0
22980	-12.0
22983	-22.0
22991	-20.0
22999	-12.0
23012	20.0
23016	8.0
23025	-8.0
23037	54.0
23048	-14.0
23054	-22.0
23066	28.0
23079	58.0
23082	2.0
23085	-24.0
23095	28.0
23107	28.0
23117	-2.0
23128	32.0
23139	52.0
23151	58.0
23153	-26.0
23165	60.0
23178	20.0
23185	16.0
23190	12.0
23192	-28.0
23204	90.0
23205	-30.0
23215	22.0
23220	10.0
23234	14.0
23238	6.0
23243	8.0
23256	20.0
23263	-18.0
23274	-2.0
23279	-24.0
23282	-22.0
23289	-18.0
23296	-18.0
23308	30.0
23317	6.0
23320	-28.0
23335	18.0
23350	20.0
23355	-22.0
23362	-12.0
23374	62.0
23386	24.0
23394	-14.0
23398	-22.0
23408	2.0
23422	86.0
23434	28.0
23438	-24.0
23449	-10.0
23454	-20.0
23462	10.0
23464	-28.0
23477	20.0
23482	14.0
23490	-16.0
23499	16.0
23507	12.0
23516	26.0
23518	-26.0
23527	-10.0
23544	56.0
23556	20.0
23559	-22.0
23565	-16.0
23572	-12.0
23579	12.0
23583	-16.0
23592	-18.0
23594	-26.0
23605	-16.0
23613	-8.0
23622	-8.0
23627	12.0
23642	44.0
23646	-22.0
23648	-26.0
23656	-8.0
23664	-10.0
23672	4.0
23674	-28.0
23681	10.0
23693	60.0
23702	-12.0
23715	56.0
23723	-14.0
23730	-22.0
23744	54.0
23752	20.0
23767	82.0
23776	14.0
23787	-16.0
23795	-24.0
23799	6.0
23804	-18.0
23806	0
23813	-10.0
23822	-18.0
23826	-20.0
23842	24.0
23846	-20.0
23857	56.0
23860	-22.0
23869	-14.0
23882	60.0
23884	-24.0
23890	-16.0
23902	58.0
23909	-20.0
23914	-18.0
23919	12.0
23929	26.0
23936	20.0
23949	56.0
23958	-10.0
23963	12.0
23974	28.0
23981	-14.0
23986	6.0
23993	-6.0
23999	16.0
24001	-6.0
24013	84.0
24018	-22.0
24023	12.0
24032	12.0
24041	-12.0
24048	-14.0
24056	-6.0
24070	54.0
24083	62.0
24088	-16.0
24099	60.0
24115	16.0
24120	8.0
24127	-12.0
24131	4.0
24133	-28.0
24136	-24.0
24138	-26.0
24142	8.0
24147	-20.0
24160	82.0
24173	50.0
24182	-4.0
24185	6.0
24197	-6.0
24213	14.0
24228	0
24230	-26.0
24242	56.0
24247	-16.0
24260	28.0
24266	10.0
24279	56.0
24291	-4.0
24295	-20.0
24306	62.0
24318	56.0
24330	50.0
24339	-14.0
24344	-18.0
24353	0.0
24362	8.0
24372	16.0
24375	-24.0
24388	22.0
24390	-26.0
24400	-4.0
24408	-8.0
24421	26.0
24432	-4.0
24443	12.0
24451	8.0
24453	-28.0
24456	-24.0
24466	62.0
24482	20.0
24486	-18.0
24497	-8.0
24508	60.0
24511	-24.0
24525	16.0
24537	18.0
24548	56.0
24562	56.0
24575	32.0
24586	62.0
24594	24.0
24598	-22.0
24606	-6.0
24613	-16.0
24627	50.0
24635	-18.0
24643	-18.0
24658	40.0
24662	4.0
24669	8.0
24677	-14.0
24683	14.0
24699	4.0
24707	-12.0
24712	-22.0
24725	28.0
24728	4.0
24731	2.0
24734	-24.0
24741	-44.0
24754	54.0
24760	-16.0
24772	-6.0
24777	12.0
24787	-8.0
24789	-24.0
24796	-24.0
24802	12.0
24807	-18.0
24815	-18.0
24830	56.0
24835	-14.0
24842	26.0
24845	-20.0
24858	26.0
24870	18.0
24881	22.0
24883	-26.0
24887	10.0
24901	32.0
24909	-14.0
24915	-20.0
24924	16.0
24928	10.0
24931	-20.0
24938	-18.0
24942	8.0
24956	54.0
24962	-46.0
24968	10.0
24975	-10.0
24990	22.0
25003	46.0
25011	-18.0
25013	-28.0
25022	-16.0
25036	24.0
25049	28.0
25060	-12.0
25062	-28.0
25067	-16.0
25070	-22.0
25076	-48.0
25077	-30.0
25087	-18.0
25099	18.0
25101	0
25103	-28.0
25115	22.0
25126	62.0
25128	-28.0
25134	8.0
25147	62.0
25150	-24.0
25161	60.0
25169	-8.0
25182	26.0
25184	-26.0
25196	30.0
25205	20.0
25218	0.0
25230	58.0
25234	-24.0
25244	-2.0
25254	22.0
25265	54.0
25271	-24.0
25284	54.0
25296	86.0
25306	14.0
25309	-22.0
25324	52.0
25327	-22.0
25329	-28.0
25331	-28.0
25345	60.0
25353	14.0
25356	6.0
25361	-14.0
25371	-16.0
25378	-18.0
25392	48.0
25397	-20.0
25401	-20.0
25403	-28.0
25417	22.0
25419	-26.0
25428	-2.0
25429	-30.0
25432	4.0
25445	90.0
25456	-6.0
25460	6.0
25471	-10.0
25477	-22.0
25481	10.0
25495	16.0
25497	-28.0
25502	-18.0
25508	-16.0
25518	-8.0
25526	24.0
25531	-22.0
25544	52.0
25554	-18.0
25566	60.0
25573	-20.0
25582	-20.0
25597	50.0
25600	-20.0
25613	32.0
25622	-6.0
25629	-12.0
25636	-10.0
25641	-12.0
25653	52.0
25655	-26.0
25668	52.0
25675	-12.0
25682	-18.0
25686	4.0
25692	-20.0
25698	12.0
25710	-2.0
25722	50.0
25724	-26.0
25728	-20.0
25742	18.0
25750	-12.0
25764	16.0
25771	-24.0
25777	12.0
25781	-20.0
25788	16.0
25797	-12.0
25806	10.0
25819	24.0
25831	-12.0
25837	10.0
25846	-16.0
25857	24.0
25862	12.0
25869	-10.0
25884	-2.0
25886	-26.0
25890	8.0
25903	-4.0
25915	14.0
25921	8.0
25935	24.0
25939	-24.0
25948	-8.0
25954	8.0
25963	-4.0
25975	28.0
25982	-14.0
25998	54.0
26006	-8.0
26019	30.0
26026	-18.0
26028	-26.0
26031	-20.0
26034	-24.0
26038	-24.0
26050	52.0
26057	16.0
26060	-24.0
26069	-18.0
26081	26.0
26096	24.0
26102	-22.0
26114	58.0
26119	-20.0
26125	-16.0
26136	16.0
26144	24.0
26148	-24.0
26154	16.0
26162	-8.0
26171	-12.0
26184	-4.0
26190	8.0
26199	-18.0
26203	-20.0
26212	-4.0
26218	12.0
26222	6.0
26225	6.0
26229	-22.0
26233	4.0
26243	-12.0
26256	-12.0
26261	12.0
26267	14.0
26279	66.0
26292	56.0
26295	2.0
26303	12.0
26310	-16.0
26324	28.0
26325	-30.0
26337	60.0
26344	22.0
26346	0
26354	-12.0
26365	62.0
26372	-14.0
26385	56.0
26396	-22.0
26404	-10.0
26408	-22.0
26414	-18.0
26417	-22.0
26425	-18.0
26430	-16.0
26436	10.0
26443	-20.0
26457	18.0
26463	12.0
26467	-26.0
26476	18.0
26486	-14.0
26490	-22.0
26503	54.0
26511	10.0
26525	52.0
26536	-12.0
26545	-10.0
26552	18.0
26565	54.0
26569	-18.0
26573	6.0
26586	58.0
26596	22.0
26602	-22.0
26610	16.0
26616	-18.0
26625	-36.0
26638	50.0
26644	-22.0
26655	62.0
26661	-16.0
26668	-8.0
26676	-14.0
26693	24.0
26706	24.0
26710	10.0
26723	56.0
26729	-10.0
26732	4.0
26736	2.0
26744	-10.0
26753	10.0
26756	-22.0
26765	-10.0
26777	28.0
26790	-8.0
26799	-20.0
26808	-12.0
26814	-16.0
26827	10.0
26835	-14.0
26838	-22.0
26845	8.0
26853	-16.0
26861	-14.0
26869	16.0
26880	20.0
26891	-14.0
26896	10.0
26901	8.0
26910	-16.0
26921	12.0
26926	6.0
26929	-20.0
26944	24.0
26948	4.0
26954	-22.0
26958	-14.0
26961	-24.0
26965	8.0
26978	52.0
26980	-26.0
26986	-10.0
26992	-22.0
27004	-8.0
27006	-26.0
27018	64.0
27026	-12.0
27030	10.0
27046	22.0
27058	-4.0
27065	-20.0
27077	24.0
27088	16.0
27100	24.0
27112	30.0
27119	-14.0
27124	-20.0
27137	54.0
27145	14.0
27148	-24.0
27151	6.0
27164	50.0
27178	56.0
27191	82.0
27197	12.0
27210	58.0
27219	-4.0
27225	12.0
27229	-24.0
27234	-14.0
27243	-14.0
27252	-8.0
27259	22.0
27263	-22.0
27265	-26.0
27280	26.0
27296	28.0
27307	22.0
27310	-20.0
27315	10.0
27323	14.0
27334	12.0
27337	-22.0
27349	60.0
27364	60.0
27370	-18.0
27375	8.0
27383	12.0
27389	-22.0
27402	50.0
27416	88.0
27426	10.0
27432	-20.0
27438	-8.0
27444	8.0
27450	-16.0
27459	-38.0
27463	-24.0
27473	20.0
27486	62.0
27495	6.0
27503	22.0
27520	18.0
27523	-58.0
27528	8.0
27543	20.0
27551	-18.0
27559	0.0
27567	-20.0
27575	8.0
27588	24.0
27592	-24.0
27596	6.0
27600	-16.0
27609	10.0
27619	14.0
27630	22.0
27640	12.0
27643	-24.0
27654	-16.0
27660	12.0
27664	10.0
27667	-26.0
27669	-28.0
27670	-30.0
27685	26.0
27692	-20.0
27707	42.0
27716	20.0
27729	52.0
27736	-18.0
27751	52.0
27753	-26.0
27766	52.0
27778	26.0
27792	28.0
27807	50.0
27811	8.0
27818	16.0
27831	60.0
27834	-26.0
27844	-16.0
27856	24.0
27867	36.0
27873	-24.0
27884	-4.0
27886	-26.0
27897	56.0
27904	10.0
27918	54.0
27925	-16.0
27938	58.0
27944	12.0
27950	8.0
27958	-12.0
27964	-22.0
27977	16.0
27984	-18.0
28001	22.0
28009	18.0
28017	-20.0
28029	50.0
28039	-10.0
28046	12.0
28052	-22.0
28063	58.0
28069	-14.0
28079	-16.0
28087	-12.0
28098	-2.0
28112	52.0
28125	56.0
28130	8.0
28137	12.0
28145	-16.0
28152	-16.0
28159	10.0
28167	18.0
28181	56.0
28186	10.0
28192	14.0
28200	-16.0
28216	10.0
28220	6.0
28224	4.0
28228	-26.0
28237	-6.0
28242	14.0
28248	-12.0
28255	-18.0
28261	-16.0
28267	-18.0
28281	28.0
28287	8.0
28293	-16.0
28298	-20.0
28301	6.0
28309	22.0
28323	28.0
28339	58.0
28352	64.0
28361	-14.0
28370	-14.0
28387	18.0
28397	22.0
28411	-48.0
28416	-20.0
28427	-16.0
28432	8.0
28438	12.0
28451	32.0
28463	-14.0
28472	-16.0
28477	10.0
28491	24.0
28503	24.0
28508	-12.0
28511	-28.0
28523	-10.0
28536	22.0
28551	34.0
28560	10.0
28575	50.0
28587	32.0
28597	-18.0
28615	58.0
28621	10.0
28626	-20.0
28633	-18.0
28644	28.0
28655	62.0
28666	-10.0
28672	-18.0
28680	8.0
28693	26.0
28704	22.0
28714	-8.0
28722	-8.0
28723	-30.0
28727	-20.0
28738	28.0
28748	12.0
28761	58.0
28773	-20.0
28778	10.0
28791	28.0
28802	62.0
28816	56.0
28829	42.0
28833	-24.0
28844	94.0
28846	-28.0
28860	54.0
28862	-26.0
28874	66.0
28889	16.0
28896	-18.0
28905	-18.0
28907	-26.0
28919	32.0
28926	10.0
28930	8.0
28942	58.0
28958	46.0
28971	48.0
28989	20.0
29001	-10.0
29013	20.0
29018	8.0
29021	6.0
29029	-20.0
29033	-22.0
29038	-20.0
29050	62.0
29055	-20.0
29062	-12.0
29070	18.0
29078	-10.0
29088	-10.0
29096	12.0
29100	8.0
29107	-20.0
29114	6.0
29131	62.0
29137	6.0
29147	-6.0
29152	-22.0
29164	28.0
29179	48.0
29186	8.0
29199	26.0
29204	-22.0
29215	18.0
29219	-22.0
29232	32.0
29245	22.0
29253	-16.0
29256	2.0
29265	16.0
29278	46.0
29288	-10.0
29299	58.0
29303	8.0
29314	60.0
29327	56.0
29339	26.0
29353	22.0
29355	-26.0
29368	24.0
29383	24.0
29400	54.0
29414	56.0
29423	14.0
29437	50.0
29439	-26.0
29453	30.0
29465	56.0
29469	-22.0
29480	-10.0
29486	-14.0
29496	-8.0
29500	6.0
29503	4.0
29513	-12.0
29528	36.0
29537	-10.0
29552	54.0
29559	-12.0
29572	54.0
29577	-22.0
29592	12.0
29603	-10.0
29610	-12.0
29617	-16.0
29621	4.0
29633	56.0
29641	8.0
29649	-18.0
29651	-26.0
29656	-22.0
29660	-18.0
29673	34.0
29681	14.0
29695	50.0
29705	12.0
29715	-8.0
29723	-18.0
29735	60.0
29743	-12.0
29751	14.0
29760	-12.0
29774	-6.0
29786	24.0
29800	56.0
29808	-10.0
29818	-8.0
29824	12.0
29839	22.0
29848	-10.0
29854	12.0
29863	18.0
29870	10.0
29883	22.0
29897	52.0
29908	24.0
29920	20.0
29929	-22.0
29936	-16.0
29949	28.0
29958	-18.0
29963	-20.0
29968	8.0
29977	12.0
29991	60.0
30006	26.0
30008	-26.0
30016	12.0
30018	-30.0
30027	18.0
30033	8.0
30038	8.0
30047	18.0
30062	54.0
30078	14.0
30080	-26.0
30086	-18.0
30101	60.0
30110	-12.0
30118	-18.0
30130	56.0
30135	8.0
30145	-16.0
30155	22.0
30159	8.0
30172	28.0
30182	-14.0
30197	22.0
30201	-16.0
30214	32.0
30227	30.0
30242	-18.0
30248	-12.0
30255	-10.0
30268	14.0
30272	-20.0
30279	-12.0
30291	-4.0
30295	-18.0
30310	18.0
30321	-4.0
30326	-12.0
30332	14.0
30339	18.0
30345	10.0
30352	14.0
30366	48.0
30378	20.0
30384	14.0
30393	18.0
30395	-28.0
30407	56.0
30409	-28.0
30412	-22.0
30422	-4.0
30435	30.0
30440	10.0
30453	20.0
30456	-24.0
30461	-24.0
30475	58.0
30488	20.0
30495	-10.0
30502	12.0
30513	92.0
30527	30.0
30542	26.0
30548	-18.0
30557	20.0
30559	-26.0
30562	4.0
30573	-4.0
30584	64.0
30595	56.0
30607	56.0
30614	14.0
30620	10.0
30623	-26.0
30633	-10.0
30639	16.0
30645	14.0
30653	-12.0
30659	10.0
30672	60.0
30674	-26.0
30685	-12.0
30688	4.0
30693	12.0
30705	60.0
30715	14.0
30732	20.0
30734	-28.0
30744	16.0
30755	-14.0
30767	28.0
30785	20.0
30793	12.0
30803	-16.0
30818	22.0
30827	2.0
30833	8.0
30839	12.0
30846	-12.0
30857	62.0
30867	16.0
30879	54.0
30885	-16.0
30900	44.0
30905	12.0
30908	4.0
30912	6.0
30928	60.0
30938	2.0
30951	56.0
30963	96.0
30974	58.0
30988	28.0
30996	12.0
31007	58.0
31019	58.0
31027	16.0
31041	52.0
31052	66.0
31067	66.0
31073	-10.0
31080	8.0
31087	-12.0
31096	-8.0
31111	14.0
31124	88.0
31139	20.0
31142	-24.0
31146	-24.0
31151	-18.0
31161	-48.0
31166	-18.0
31168	-30.0
31170	-30.0
31180	-4.0
31184	-24.0
31188	-18.0
31201	64.0
31207	-18.0
31209	-26.0
31212	-24.0
31217	-22.0
31232	24.0
31238	18.0
31248	12.0
31257	-14.0
31271	26.0
31276	-20.0
31283	-20.0
31293	-8.0
31297	-20.0
31302	-16.0
31303	-30.0
31315	-6.0
31320	12.0
31324	4.0
31327	-24.0
31335	12.0
31347	-6.0
31353	14.0
31359	-16.0
31371	-6.0
31386	46.0
31393	-16.0
31397	-22.0
31411	24.0
31417	-14.0
31428	24.0
31441	66.0
31446	-14.0
31450	8.0
31454	-20.0
31456	-26.0
31457	-30.0
31469	14.0
31479	16.0
31492	56.0
31495	-22.0
31505	-18.0
31519	52.0
31524	-22.0
31526	-28.0
31542	50.0
31544	-28.0
31548	-24.0
31560	34.0
31565	10.0
31574	26.0
31584	-8.0
31587	2.0
31595	-16.0
31597	-26.0
31608	-14.0
31617	20.0
31625	8.0
31639	54.0
31652	28.0
31654	-28.0
31658	6.0
31667	-8.0
31672	-18.0
31679	-18.0
31692	56.0
31699	-14.0
31708	24.0
31712	6.0
31723	-6.0
31730	-18.0
31737	16.0
31750	48.0
31753	-20.0
31767	24.0
31771	-18.0
31777	-22.0
31783	-12.0
31785	-26.0
31794	-20.0
31802	-14.0
31817	46.0
31830	58.0
31844	62.0
31856	58.0
31862	-26.0
31873	-12.0
31881	6.0
31893	60.0
31901	-16.0
31906	-14.0
31921	22.0
31923	-26.0
31928	8.0
31936	18.0
31943	-16.0
31955	52.0
31962	-18.0
31976	28.0
31990	24.0
32001	-4.0
32012	28.0
32018	-8.0
32025	-20.0
32038	-6.0
32050	24.0
32060	26.0
32067	-14.0
32074	14.0
32085	56.0
32092	8.0
32097	-20.0
32104	18.0
32109	8.0
32114	12.0
32130	52.0
32137	-16.0
32142	-18.0
32148	12.0
32153	6.0
32161	6.0
32174	-14.0
32187	62.0
32192	10.0
32194	-26.0
32207	58.0
32217	24.0
32230	58.0
32244	58.0
32251	18.0
32264	14.0
32282	20.0
32288	-18.0
32301	24.0
32308	-18.0
32310	-28.0
32318	24.0
32322	6.0
32325	-20.0
32334	-10.0
32347	26.0
32362	26.0
32366	-18.0
32379	48.0
32393	-16.0
32401	18.0
32404	-28.0
32415	-4.0
32428	-10.0
32439	16.0
32447	-20.0
32455	-24.0
32468	28.0
32480	-6.0
32490	22.0
32503	34.0
32509	16.0
32524	96.0
32530	-18.0
32535	6.0
32542	16.0
32548	-16.0
32551	-26.0
32564	52.0
32566	-26.0
32572	-8.0
32578	-12.0
32594	46.0
32611	6.0
32619	8.0
32626	16.0
32636	26.0
32640	-22.0
32653	22.0
32662	16.0
32664	-26.0
32670	-20.0
32685	22.0
32698	60.0
32705	-14.0
32716	-14.0
32726	-12.0
32735	-14.0
32749	48.0
32761	32.0
32764	-22.0
32773	-12.0
32783	20.0
32796	18.0
32810	24.0
32813	-24.0
32822	-14.0
32832	-20.0
32837	10.0
32847	14.0
32856	12.0
32861	-20.0
32872	96.0
32888	94.0
32896	-20.0
32905	-8.0
32912	-14.0
32926	48.0
32942	40.0
32957	22.0
32959	-26.0
32964	-12.0
32971	18.0
32973	0
32989	62.0
32998	-12.0
33011	52.0
33024	32.0
33035	64.0
33049	58.0
33057	-12.0
33058	-30.0
33070	60.0
33072	-26.0
33076	-18.0
33082	14.0
33096	20.0
33106	-18.0
33113	-22.0
33120	-16.0
33122	-26.0
33137	30.0
33150	26.0
33161	-18.0
33175	54.0
33176	-30.0
33183	20.0
33186	-24.0
33195	-12.0
33210	22.0
33222	64.0
33237	18.0
33244	-24.0
33258	50.0
33269	-12.0
33281	60.0
33293	56.0
33301	18.0
33314	56.0
33322	-12.0
33339	18.0
33348	-8.0
33357	18.0
33362	-20.0
33379	60.0
33394	16.0
33399	10.0
33412	-12.0
33420	-14.0
33436	24.0
33440	8.0
33447	14.0
33453	-14.0
33463	-6.0
33472	-6.0
33480	-14.0
33494	46.0
33501	-14.0
33513	60.0
33521	-42.0
33533	54.0
33539	-26.0
33546	-14.0
33548	-24.0
33561	30.0
33569	-6.0
33573	-50.0
33579	-24.0
33582	6.0
33593	-14.0
33597	-20.0
33611	22.0
33613	-26.0
33620	18.0
33632	60.0
33635	-22.0
33644	-16.0
33650	-24.0
33661	-8.0
33672	16.0
33680	10.0
33693	52.0
33703	28.0
33711	-4.0
33714	4.0
33720	-20.0
33727	-8.0
33734	8.0
33746	58.0
33758	58.0
33760	-26.0
33772	22.0
33775	-22.0
33777	-26.0
33786	-10.0
33797	-10.0
33807	-8.0
33811	6.0
33812	-30.0
33823	66.0
33825	-26.0
33828	-26.0
33839	-4.0
33842	6.0
33850	-10.0
33857	12.0
33869	50.0
33872	-24.0
33877	-16.0
33892	30.0
33896	-20.0
33909	18.0
33917	20.0
33922	-14.0
33929	-18.0
33933	8.0
33936	-22.0
33944	20.0
33956	-2.0
33959	4.0
33963	-18.0
33970	10.0
33979	14.0
33992	22.0
34002	24.0
34014	34.0
34022	20.0
34027	-24.0
34041	16.0
34049	-8.0
34062	60.0
34073	52.0
34086	50.0
34092	-20.0
34099	-22.0
34108	24.0
34113	-22.0
34122	-2.0
34125	-24.0
34133	-18.0
34142	-18.0
34143	-30.0
34157	18.0
34161	6.0
34165	8.0
34172	-12.0
34180	16.0
34184	-18.0
34192	-16.0
34206	16.0
34209	-24.0
34217	20.0
34224	12.0
34233	-42.0
34240	-16.0
34246	16.0
34258	56.0
34273	12.0
34280	-24.0
34291	-8.0
34305	22.0
34316	52.0
34320	6.0
34325	-12.0
34334	-20.0
34349	24.0
34351	-28.0
34364	58.0
34372	16.0
34387	24.0
34393	-22.0
34398	10.0
34413	56.0
34424	60.0
34437	84.0
34450	22.0
34461	16.0
34466	10.0
34474	18.0
34476	-28.0
34492	46.0
34497	8.0
34507	-18.0
34520	28.0
34532	20.0
34535	-24.0
34542	12.0
34550	14.0
34552	-26.0
34561	-12.0
34568	-20.0
34581	54.0
34587	12.0
34595	-16.0
34607	20.0
34614	20.0
34626	58.0
34629	-22.0
34637	16.0
34646	22.0
34661	54.0
34676	28.0
34689	18.0
34694	12.0
34701	-26.0
34714	28.0
34727	32.0
34737	24.0
34744	-14.0
34761	6.0
34773	56.0
34785	16.0
34794	-12.0
34805	24.0
34818	56.0
34825	-22.0
34832	8.0
34846	18.0
34851	-16.0
34857	-18.0
34865	-14.0
34868	4.0
34872	10.0
34879	-14.0
34882	0
34886	-48.0
34890	8.0
34902	62.0
34915	20.0
34927	62.0
34940	48.0
34952	30.0
34959	14.0
34961	-26.0
34965	-18.0
34972	12.0
34981	14.0
34984	-20.0
34988	-18.0
34990	-28.0
35000	-2.0
35002	-26.0
35011	-10.0
35024	56.0
35036	58.0
35049	64.0
35060	56.0
35062	-26.0
35065	-22.0
35078	54.0
35083	-22.0
35087	-20.0
35094	18.0
35107	24.0
35109	-26.0
35112	-24.0
35123	30.0
35129	14.0
35142	56.0
35153	-4.0
35164	28.0
35171	16.0
35174	-22.0
35182	-10.0
35197	54.0
35210	24.0
35223	58.0
35230	16.0
35236	-18.0
35240	-20.0
35252	98.0
35255	-22.0
35264	-6.0
35276	50.0
35287	-10.0
35297	14.0
35300	-26.0
35317	12.0
35319	-26.0
35327	-12.0
35340	52.0
35352	-8.0
35364	-14.0
35373	-14.0
35383	22.0
35391	-8.0
35394	-24.0
35401	-20.0
35403	-28.0
35413	-22.0
35422	28.0
35440	22.0
35447	-22.0
35457	0.0
35463	14.0
35465	-26.0
35476	54.0
35491	56.0
35507	44.0
35517	16.0
35525	-24.0
35538	20.0
35556	52.0
35571	56.0
35575	8.0
35580	12.0
35588	-10.0
35593	10.0
35600	18.0
35603	6.0
35618	12.0
35621	-20.0
35629	-12.0
35638	-18.0
35652	80.0
35666	56.0
35670	8.0
35677	14.0
35682	-18.0
35697	50.0
35700	-22.0
35702	-26.0
35707	-22.0
35720	22.0
35735	46.0
35748	28.0
35758	-8.0
35763	8.0
35775	-12.0
35787	32.0
35799	68.0
35806	8.0
35818	28.0
35831	56.0
35836	-8.0
35844	6.0
35847	-24.0
35857	-8.0
35864	-24.0
35877	22.0
35882	12.0
35883	-30.0
35894	18.0
35901	-10.0
35907	12.0
35922	50.0
35937	58.0
35951	60.0
35956	8.0
35968	82.0
35973	12.0
35975	-28.0
35989	50.0
35997	-14.0
36001	2.0
36014	56.0
36028	60.0
36039	-14.0
36049	20.0
36059	12.0
36072	22.0
36077	12.0
36079	-24.0
36091	60.0
36103	54.0
36110	-22.0
36117	-26.0
36128	2.0
36140	20.0
36148	-12.0
36160	62.0
36173	24.0
36178	8.0
36182	-22.0
36184	-26.0
36199	28.0
36213	46.0
36226	30.0
36232	-16.0
36239	-20.0
36242	-24.0
36257	42.0
36270	54.0
36272	-26.0
36282	18.0
36297	46.0
36312	20.0
36325	30.0
36340	24.0
36351	-6.0
36360	-8.0
36365	-24.0
36379	52.0
36382	-26.0
36397	56.0
36405	-4.0
36418	18.0
36425	14.0
36427	-26.0
36430	-22.0
36443	52.0
36457	18.0
36461	-20.0
36467	-20.0
36479	56.0
36485	12.0
36489	-20.0
36490	-30.0
36505	46.0
36518	48.0
36527	-20.0
36542	28.0
36554	56.0
36564	8.0
36577	22.0
36587	-12.0
36599	56.0
36615	56.0
36620	10.0
36627	-16.0
36641	56.0
36652	18.0
36659	-18.0
36675	18.0
36687	54.0
36696	4.0
36713	24.0
36726	26.0
36732	-18.0
36739	-10.0
36753	54.0
36758	-22.0
36770	52.0
36780	-14.0
36792	54.0
36802	-4.0
36815	24.0
36826	-2.0
36838	54.0
36849	64.0
36860	8.0
36865	-22.0
36871	-18.0
36882	64.0
36885	-26.0
36890	-20.0
36898	18.0
36903	-14.0
36917	18.0
36925	-10.0
36934	16.0
36946	54.0
36955	-20.0
36968	28.0
36971	-26.0
36976	-26.0
36981	4.0
36983	-26.0
36998	16.0
37001	4.0
37016	14.0
37024	-10.0
37032	20.0
37045	22.0
37060	54.0
37064	8.0
37070	-22.0
37081	62.0
37092	62.0
37104	28.0
37114	-16.0
37128	28.0
37131	6.0
37133	-26.0
37146	54.0
37159	24.0
37167	-10.0
37174	8.0
37187	32.0
37196	-2.0
37206	22.0
37208	-28.0
37221	26.0
37232	-12.0
37243	-4.0
37246	-24.0
37253	-22.0
37262	-2.0
37270	-24.0
37275	-18.0
37277	-28.0
37284	-10.0
37289	-18.0
37304	50.0
37309	-20.0
37321	56.0
37334	62.0
37344	22.0
37349	-16.0
37353	-22.0
37360	-20.0
37363	-28.0
37378	60.0
37391	28.0
37392	-30.0
37397	-16.0
37399	-28.0
37400	-30.0
37415	50.0
37418	-22.0
37431	60.0
37441	20.0
37454	56.0
37468	48.0
37480	56.0
37487	-20.0
37497	22.0
37510	24.0
37517	12.0
37531	62.0
37543	20.0
37553	-4.0
37567	24.0
37576	-10.0
37589	20.0
37600	52.0
37613	48.0
37627	50.0
37639	26.0
37656	60.0
37665	24.0
37672	-16.0
37685	48.0
37693	20.0
37702	22.0
37715	-2.0
37723	6.0
37736	-4.0
37752	18.0
37767	52.0
37768	-30.0
37770	-26.0
37784	-14.0
37786	0
37795	-6.0
37802	-22.0
37804	-28.0
37811	18.0
37818	-18.0
37829	12.0
37839	-12.0
37855	14.0
37863	-20.0
37872	-14.0
37885	22.0
37890	-22.0
37899	28.0
37915	16.0
37920	-16.0
37926	-20.0
37930	-22.0
37941	54.0
37954	24.0
37960	-22.0
37967	8.0
37975	-6.0
37982	-16.0
37987	-22.0
37997	-2.0
38003	10.0
38006	6.0
38013	-18.0
38020	-10.0
38027	-18.0
38037	-14.0
38044	-16.0
38057	-14.0
38067	58.0
38070	-20.0
38077	16.0
38080	6.0
38094	20.0
38108	46.0
38111	-20.0
38112	-30.0
38118	-20.0
38132	88.0
38136	-16.0
38147	-4.0
38159	54.0
38173	50.0
38186	18.0
38191	12.0
38198	-12.0
38207	24.0
38213	-18.0
38226	-18.0
38233	10.0
38243	0.0
38258	12.0
38266	24.0
38273	20.0
38286	24.0
38299	22.0
38311	54.0
38324	54.0
38327	4.0
38335	-24.0
38352	16.0
38364	28.0
38373	-32.0
38376	-24.0
38379	-22.0
38385	16.0
38391	-14.0
38402	60.0
38404	-28.0
38408	-20.0
38414	-18.0
38425	-2.0
38433	18.0
38442	8.0
38453	72.0
38455	-28.0
38466	-14.0
38477	-2.0
38481	-18.0
38498	56.0
38510	60.0
38514	-18.0
38515	-30.0
38530	34.0
38532	-26.0
38544	34.0
38553	22.0
38560	18.0
38563	-28.0
38575	-2.0
38589	22.0
38591	-26.0
38604	44.0
38613	-10.0
38625	26.0
38627	-28.0
38634	18.0
38645	32.0
38660	0
38663	-20.0
38675	62.0
38688	26.0
38703	26.0
38708	-14.0
38711	-20.0
38720	-10.0
38722	-26.0
38729	-12.0
38739	58.0
38748	-8.0
38757	-16.0
38762	-18.0
38775	22.0
38790	50.0
38794	8.0
38799	-22.0
38801	-26.0
38813	22.0
38820	16.0
38830	-18.0
38834	-18.0
38839	10.0
38846	12.0
38850	-20.0
38857	-14.0
38866	16.0
38868	-26.0
38875	-24.0
38881	-16.0
38883	-28.0
38886	-22.0
38892	-16.0
38899	-12.0
38902	4.0
38912	22.0
38924	32.0
38931	-20.0
38945	24.0
38950	-24.0
38960	24.0
38964	-20.0
38976	26.0
38984	-4.0
38989	14.0
39004	48.0
39015	-2.0
39018	-24.0
39020	-28.0
39027	12.0
39037	12.0
39040	-22.0
39055	30.0
39058	6.0
39065	-16.0
39076	68.0
39082	-20.0
39095	52.0
39106	-12.0
39113	8.0
39120	8.0
39133	58.0
39147	16.0
39158	60.0
39171	-10.0
39177	-18.0
39190	-10.0
39205	58.0
39211	-10.0
39216	8.0
39221	-24.0
39227	14.0
39228	-30.0
39239	12.0
39241	-24.0
39256	54.0
39259	-22.0
39264	-22.0
39267	-22.0
39280	56.0
39294	58.0
39307	54.0
39320	58.0
39332	60.0
39341	-14.0
39350	-10.0
39355	-14.0
39357	-26.0
39372	64.0
39383	-16.0
39391	-20.0
39396	-26.0
39399	-20.0
39403	8.0
39409	8.0
39412	-24.0
39413	-30.0
39427	52.0
39441	32.0
39450	18.0
39457	-16.0
39465	-8.0
39466	-30.0
39471	-12.0
39484	24.0
39497	56.0
39502	-20.0
39514	26.0
39523	22.0
39534	-8.0
39550	52.0
39552	-26.0
39560	-10.0
39571	60.0
39579	12.0
39588	22.0
39596	18.0
39606	-10.0
39614	-20.0
39628	56.0
39635	6.0
39636	-30.0
39640	-16.0
39647	-20.0
39655	-14.0
39658	-26.0
39673	58.0
39682	14.0
39692	22.0
39705	-20.0
39707	-26.0
39716	18.0
39728	66.0
39734	18.0
39748	18.0
39756	-8.0
39770	56.0
39787	6.0
39801	24.0
39815	-6.0
39832	14.0
39845	60.0
39855	-4.0
39868	64.0
39875	-20.0
39889	64.0
39900	18.0
39916	22.0
39929	50.0
39940	22.0
39943	-28.0
39947	-20.0
39961	20.0
39963	-26.0
39970	18.0
39981	-12.0
39996	26.0
40001	-22.0
40015	46.0
40028	28.0
40038	-8.0
40051	16.0
40057	2.0
40065	-14.0
40079	60.0
40091	-6.0
40093	-26.0
40098	-20.0
40104	-22.0
40106	-28.0
40120	46.0
40123	-26.0
40136	52.0
40138	-26.0
40148	14.0
40159	14.0
40172	24.0
40181	14.0
40195	-8.0
40200	-22.0
40208	-18.0
40210	-30.0
40215	14.0
40224	-10.0
40237	30.0
40243	18.0
40256	24.0
40264	-10.0
40272	-12.0
40281	18.0
40290	-18.0
40295	-14.0
40303	-16.0
40308	12.0
40313	-12.0
40328	42.0
40336	-16.0
40338	-28.0
40351	54.0
40365	20.0
40378	56.0
40389	20.0
40394	-16.0
40400	8.0
40407	-22.0
40419	52.0
40433	56.0
40436	-26.0
40440	6.0
40453	56.0
40456	4.0
40463	-24.0
40476	28.0
40482	16.0
40485	-24.0
40496	-8.0
40504	-42.0
40518	50.0
40520	-26.0
40530	18.0
40534	-24.0
40539	-12.0
40548	-8.0
40559	54.0
40562	-20.0
40575	52.0
40588	60.0
40601	88.0
40615	82.0
40632	48.0
40642	22.0
40650	-22.0
40657	16.0
40664	-12.0
40680	32.0
40683	-20.0
40689	-18.0
40692	4.0
40694	-28.0
40704	-6.0
40709	-22.0
40723	60.0
40731	-16.0
40735	-18.0
40743	18.0
40752	-8.0
40757	-48.0
40760	6.0
40774	22.0
40787	32.0
40801	56.0
40812	-6.0
40822	-4.0
40835	52.0
40844	-6.0
40849	8.0
40856	12.0
40863	-12.0
40870	-24.0
40885	92.0
40891	-20.0
40894	-20.0
40908	16.0
40922	22.0
40936	64.0
40950	52.0
40961	58.0
40978	44.0
40993	26.0
40999	18.0
41009	-12.0
41016	18.0
41023	-14.0
41036	58.0
41049	22.0
41062	92.0
41070	-14.0
41076	12.0
41077	-30.0
41086	16.0
41101	52.0
41116	48.0
41123	10.0
41129	-20.0
41134	-12.0
41148	24.0
41162	16.0
41178	56.0
41192	52.0
41206	58.0
41213	-12.0
41224	-8.0
41233	-6.0
41247	24.0
41256	-14.0
41266	-6.0
41275	18.0
41277	-28.0
41291	24.0
41303	64.0
41313	16.0
41326	24.0
41342	24.0
41355	62.0
41368	30.0
41370	-26.0
41382	-2.0
41396	26.0
41407	64.0
41408	-30.0
41423	12.0
41426	-24.0
41434	-14.0
41444	16.0
41452	-14.0
41455	-24.0
41467	54.0
41483	46.0
41495	26.0
41503	-12.0
41516	56.0
41526	-8.0
41540	92.0
41549	-14.0
41553	-16.0
41565	32.0
41573	22.0
41577	-18.0
41590	48.0
41604	12.0
41620	24.0
41627	14.0
41630	-20.0
41635	-10.0
41639	-24.0
41652	54.0
41657	-22.0
41665	-12.0
41669	10.0
41676	10.0
41689	52.0
41697	6.0
41707	-4.0
41711	-16.0
41720	-12.0
41735	60.0
41739	-20.0
41756	22.0
41768	58.0
41776	10.0
41788	28.0
41798	-12.0
41806	16.0
41818	34.0
41822	10.0
41832	-2.0
41837	6.0
41840	-20.0
41847	-14.0
41858	66.0
41873	22.0
41888	58.0
41891	-24.0
41896	-24.0
41907	-8.0
41920	20.0
41934	18.0
41948	22.0
41958	-4.0
41963	-22.0
41968	-20.0
41973	-14.0
41986	24.0
41996	-2.0
42002	10.0
42016	60.0
42021	-18.0
42031	-14.0
42038	-44.0
42044	10.0
42058	60.0
42066	-10.0
42069	-20.0
42083	52.0
42090	-16.0
42100	22.0
42105	10.0
42112	20.0
42122	16.0
42125	-22.0
42136	56.0
42151	56.0
42164	24.0
42171	-18.0
42183	94.0
42193	32.0
42208	62.0
42222	18.0
42223	-30.0
42229	-16.0
42231	-26.0
42244	54.0
42257	-6.0
42265	-20.0
42269	4.0
42277	-16.0
42290	54.0
42300	-12.0
42307	10.0
42317	-12.0
42326	-14.0
42336	-6.0
42353	54.0
42367	26.0
42377	16.0
42383	16.0
42392	-12.0
42399	-20.0
42404	-16.0
42417	58.0
42421	-18.0
42422	-30.0
42430	-20.0
42445	82.0
42455	-2.0
42461	-16.0
42475	22.0
42490	48.0
42498	22.0
42512	56.0
42518	-24.0
42523	10.0
42536	-20.0
42544	-18.0
42559	14.0
42570	-12.0
42576	14.0
42584	24.0
42591	10.0
42602	-6.0
42613	-14.0
42627	28.0
42630	4.0
42639	-24.0
42645	10.0
42662	24.0
42676	56.0
42688	22.0
42695	-18.0
42707	24.0
42715	20.0
42725	-16.0
42726	-30.0
42733	-16.0
42739	-14.0
42743	4.0
42758	20.0
42772	22.0
42779	-22.0
42792	50.0
42800	-10.0
42802	-26.0
42816	0.0
42819	-22.0
42834	54.0
42845	68.0
42859	20.0
42865	-22.0
42870	-18.0
42888	26.0
42891	-22.0
42903	54.0
42917	24.0
42925	-16.0
42928	6.0
42941	60.0
42948	-12.0
42958	12.0
42970	22.0
42978	-12.0
42984	10.0
42987	-26.0
42996	-20.0
43005	-4.0
43019	56.0
43033	24.0
43042	22.0
43047	10.0
43062	52.0
43073	20.0
43088	42.0
43105	18.0
43112	12.0
43122	-4.0
43132	-44.0
43147	48.0
43151	-24.0
43160	-10.0
43162	-28.0
43175	26.0
43179	-18.0
43188	18.0
43192	-22.0
43205	18.0
43214	6.0
43222	16.0
43236	14.0
43244	-16.0
43253	14.0
43267	52.0
43274	-22.0
43281	-24.0
43284	-20.0
43288	-24.0
43293	12.0
43305	30.0
43310	14.0
43319	-12.0
43326	-22.0
43335	-4.0
43338	4.0
43349	-2.0
43361	56.0
43365	-22.0
43370	-20.0
43375	-22.0
43381	-20.0
43386	14.0
43397	66.0
43409	22.0
43416	-18.0
43419	-28.0
43431	28.0
43447	16.0
43454	-16.0
43468	52.0
43477	14.0
43488	22.0
43499	60.0
43509	62.0
43511	0
43517	-22.0
43525	26.0
43539	50.0
43546	-20.0
43552	-22.0
43560	-20.0
43568	14.0
43583	32.0
43596	18.0
43615	16.0
43619	-18.0
43621	-28.0
43628	8.0
43633	8.0
43637	-18.0
43638	-30.0
43650	22.0
43660	0.0
43665	-20.0
43674	-16.0
43680	-10.0
43683	-24.0
43692	-14.0
43697	4.0
43706	16.0
43715	22.0
43728	54.0
43733	8.0
43741	18.0
43742	-30.0
43757	56.0
43764	-16.0
43777	24.0
43791	20.0
43802	64.0
43809	16.0
43821	32.0
43835	26.0
43842	-16.0
43854	-14.0
43863	-10.0
43866	-24.0
43872	14.0
43882	-10.0
43887	10.0
43896	-2.0
43904	24.0
43918	48.0
43920	-26.0
43928	12.0
43936	22.0
43937	-30.0
43950	84.0
43966	50.0
43974	-24.0
43982	14.0
43987	-22.0
43989	-28.0
44001	56.0
44009	4.0
44023	58.0
44029	-16.0
44039	18.0
44048	-16.0
44060	2.0
44070	-10.0
44072	-26.0
44085	62.0
44097	52.0
44102	-20.0
44110	24.0
44126	12.0
44127	-30.0
44134	-16.0
44149	56.0
44155	6.0
44163	-18.0
44170	18.0
44178	-14.0
44190	32.0
44194	-24.0
44200	16.0
44203	-26.0
44211	10.0
44217	-22.0
44229	52.0
44241	-4.0
44254	52.0
44264	-10.0
44266	-26.0
44274	-20.0
44286	88.0
44289	2.0
44299	-6.0
44303	-20.0
44310	-10.0
44320	-8.0
44332	-6.0
44344	56.0
44357	28.0
44362	-18.0
44368	-20.0
44374	-14.0
44384	-2.0
44391	-18.0
44402	34.0
44405	-22.0
44422	22.0
44427	10.0
44439	62.0
44446	-18.0
44458	62.0
44466	22.0
44469	-24.0
44472	4.0
44484	-12.0
44485	-30.0
44493	-18.0
44499	-20.0
44505	-24.0
44510	14.0
44517	20.0
44524	-16.0
44540	26.0
44553	56.0
44568	60.0
44577	14.0
44592	28.0
44599	10.0
44612	54.0
44620	20.0
44633	26.0
44647	14.0
44653	-18.0
44657	-22.0
44667	-10.0
44679	24.0
44683	-20.0
44697	52.0
44711	16.0
44724	60.0
44725	-30.0
44732	12.0
44742	-14.0
44747	10.0
44759	30.0
44773	20.0
44789	24.0
44804	24.0
44807	-24.0
44816	-22.0
44824	16.0
44833	-16.0
44842	-16.0
44852	-18.0
44856	-22.0
44858	-26.0
44872	50.0
44877	10.0
44885	24.0
44890	-14.0
44903	20.0
44913	8.0
44924	24.0
44937	48.0
44951	60.0
44957	-22.0
44971	56.0
44976	-20.0
44989	56.0
44999	-12.0
45007	22.0
45010	-22.0
45018	-12.0
45033	50.0
45047	26.0
45058	-14.0
45064	14.0
45078	22.0
45081	-22.0
45098	38.0
45110	22.0
45115	14.0
45129	20.0
45133	6.0
45147	58.0
45152	10.0
45159	-12.0
45171	26.0
45184	58.0
45201	20.0
45216	26.0
45217	-30.0
45231	50.0
45239	-8.0
45252	-12.0
45264	60.0
45277	52.0
45280	-24.0
45288	-12.0
45300	20.0
45312	-4.0
45325	26.0
45338	54.0
45345	-14.0
45354	16.0
45356	-26.0
45359	-24.0
45363	-20.0
45372	-18.0
45387	20.0
45391	-18.0
45404	56.0
45418	54.0
45420	-26.0
45432	48.0
45438	14.0
45447	18.0
45460	-10.0
45469	-16.0
45478	-12.0
45481	-20.0
45493	54.0
45506	50.0
45518	60.0
45533	52.0
45539	-16.0
45553	54.0
45566	56.0
45574	-22.0
45581	20.0
45595	52.0
45598	-24.0
45601	-24.0
45609	-24.0
45614	10.0
45622	16.0
45626	8.0
