4	-8.0
13	68.0
22	78.0
29	4.0
35	-2.0
43	6.0
44	-26.0
53	70.0
59	-8.0
66	0.0
70	-16.0
76	-2.0
85	68.0
92	-4.0
101	78.0
104	-18.0
113	68.0
116	-18.0
125	2.0
126	-26.0
134	-2.0
140	-4.0
143	-22.0
148	-14.0
152	-12.0
156	-12.0
158	-24.0
167	4.0
176	74.0
180	-14.0
183	-22.0
191	6.0
195	-16.0
204	78.0
208	-14.0
217	76.0
219	-24.0
222	-24.0
230	-4.0
238	10.0
240	-24.0
243	-22.0
249	-10.0
258	72.0
262	-18.0
264	-24.0
273	80.0
279	-10.0
284	-10.0
287	-14.0
296	70.0
304	4.0
309	-14.0
315	-6.0
322	-4.0
326	-14.0
329	-22.0
332	-18.0
337	-14.0
346	66.0
351	-12.0
354	-18.0
361	6.0
368	4.0
377	8.0
382	-12.0
388	-6.0
397	64.0
404	-10.0
413	70.0
418	-12.0
427	74.0
430	-20.0
433	-24.0
442	10.0
450	6.0
456	-2.0
460	-10.0
464	-16.0
470	-4.0
472	-22.0
477	-10.0
484	-2.0
490	-12.0
492	-22.0
495	-20.0
504	78.0
508	-20.0
512	-18.0
521	74.0
524	-22.0
527	-14.0
534	2.0
538	-8.0
543	-8.0
547	-20.0
550	-18.0
559	74.0
564	-14.0
569	-4.0
578	76.0
587	68.0
595	2.0
597	-24.0
599	-24.0
608	70.0
609	-26.0
616	-2.0
625	72.0
631	-12.0
633	-26.0
635	-26.0
643	8.0
644	-26.0
648	-12.0
654	-2.0
657	6.0
666	76.0
675	78.0
684	74.0
693	72.0
699	0.0
703	-14.0
712	4.0
718	-12.0
727	70.0
733	-4.0
742	74.0
743	-26.0
749	-8.0
758	66.0
763	-12.0
772	72.0
777	-10.0
782	-8.0
787	-8.0
796	74.0
800	-18.0
804	-18.0
813	78.0
818	-10.0
826	26.0
828	-24.0
831	-24.0
837	-6.0
846	74.0
855	78.0
864	72.0
868	-14.0
877	68.0
886	10.0
894	0.0
895	-26.0
896	-26.0
904	-4.0
909	-6.0
915	-4.0
924	74.0
927	-18.0
936	72.0
943	-4.0
952	8.0
961	72.0
964	-16.0
966	-22.0
972	0.0
979	-2.0
988	76.0
991	-18.0
996	-10.0
1000	-12.0
1009	72.0
1018	70.0
1025	-4.0
1034	74.0
1037	-18.0
1038	-26.0
1044	-6.0
1053	74.0
1062	68.0
1071	8.0
1075	-16.0
1081	-2.0
1085	-16.0
1088	-14.0
1097	78.0
1101	-18.0
1105	-16.0
1107	-22.0
1116	70.0
1120	-16.0
1126	-4.0
1130	-14.0
1139	76.0
1146	-2.0
1149	-18.0
1153	-12.0
1161	2.0
1170	76.0
1177	-4.0
1184	2.0
1188	-14.0
1189	-28.0
1191	-26.0
1198	4.0
1200	-26.0
1206	-4.0
1209	-18.0
1216	6.0
1218	-22.0
1224	-10.0
1225	-26.0
1229	-14.0
1238	74.0
1245	-2.0
1247	-24.0
1251	-18.0
1257	-6.0
1263	-6.0
1266	-18.0
1270	-18.0
1279	74.0
1288	80.0
1295	-2.0
1303	-4.0
1306	-14.0
1312	-8.0
1316	-12.0
1317	-26.0
1320	-18.0
1328	0.0
1337	72.0
1346	68.0
1350	-10.0
1359	70.0
1364	-12.0
1369	-8.0
1375	-4.0
1378	-18.0
1380	-26.0
1385	-12.0
1389	-14.0
1398	72.0
1404	-4.0
1407	-22.0
1416	8.0
1423	0.0
1432	74.0
1439	-2.0
1442	-22.0
1447	-6.0
1450	-22.0
1454	-18.0
1460	0.0
1463	-22.0
1465	-24.0
1470	-6.0
1477	0.0
1478	-28.0
1487	76.0
1488	-28.0
1494	-8.0
1496	-24.0
1500	-14.0
1507	6.0
1510	-18.0
1519	76.0
1525	-2.0
1534	76.0
1537	-18.0
1539	-22.0
1541	-20.0
1546	-8.0
1548	-24.0
1556	6.0
1565	68.0
1572	6.0
1581	4.0
1590	76.0
1596	-8.0
1605	66.0
1609	-14.0
1611	-24.0
1618	4.0
1627	72.0
1632	-10.0
1640	4.0
1649	74.0
1654	-6.0
1659	-8.0
1663	-16.0
1667	-14.0
1670	-20.0
1677	-6.0
1682	-8.0
1690	0.0
1699	2.0
1703	-18.0
1708	-14.0
1717	76.0
1726	72.0
1727	-28.0
1729	-22.0
1732	-18.0
1739	-4.0
1742	-18.0
1745	-22.0
1754	70.0
1763	72.0
1771	24.0
1780	72.0
1789	78.0
1798	68.0
1802	-12.0
1807	-12.0
1811	-12.0
1819	14.0
1826	6.0
1830	12.0
1831	-28.0
1833	-24.0
1838	-2.0
1845	2.0
1848	-22.0
1850	-28.0
1854	-16.0
1856	-20.0
1865	72.0
1873	2.0
1874	-26.0
1878	-18.0
1883	-12.0
1888	-12.0
1891	-22.0
1895	-14.0
1904	74.0
1907	-24.0
1912	-10.0
1921	6.0
1930	80.0
1939	80.0
1948	70.0
1951	-24.0
1954	-16.0
1957	-18.0
1962	-2.0
1966	-14.0
1972	-6.0
1975	-24.0
1979	-12.0
1984	-8.0
1989	-6.0
1996	-2.0
2005	10.0
2012	-2.0
2021	80.0
2026	-10.0
2027	-26.0
2036	74.0
2040	-18.0
2049	80.0
2055	-4.0
2060	-6.0
2065	-10.0
2074	2.0
2083	74.0
2088	-10.0
2093	-8.0
2099	-6.0
2108	68.0
2112	-14.0
2118	-4.0
2127	66.0
2131	-12.0
2140	76.0
2147	2.0
2156	8.0
2165	72.0
2172	-2.0
2176	-14.0
2185	68.0
2194	76.0
2200	-8.0
2209	74.0
2216	0.0
2221	-10.0
2230	72.0
2239	66.0
2246	2.0
2255	78.0
2258	-14.0
2265	6.0
2274	72.0
2282	34.0
2288	-8.0
2293	-6.0
2302	68.0
2305	-16.0
2309	-14.0
2316	4.0
2320	-12.0
2323	-18.0
2332	72.0
2333	-28.0
2336	-18.0
2342	-12.0
2345	-18.0
2353	8.0
2359	-2.0
2368	76.0
2377	74.0
2386	70.0
2390	-12.0
2394	-16.0
2403	72.0
2408	-14.0
2417	74.0
2422	-14.0
2426	-12.0
2435	66.0
2444	14.0
2448	-8.0
2454	-4.0
2463	70.0
2472	66.0
2481	70.0
2490	80.0
2491	-26.0
2493	-24.0
2502	64.0
2506	-14.0
2508	-24.0
2513	-14.0
2522	74.0
2525	-14.0
2530	-10.0
2531	-26.0
2534	-22.0
2537	-22.0
2541	-18.0
2550	70.0
2555	-6.0
2564	78.0
2569	-8.0
2572	-22.0
2581	76.0
2587	-8.0
2594	-4.0
2601	0.0
2610	80.0
2617	6.0
2623	-6.0
2632	74.0
2639	4.0
2646	4.0
2653	0.0
2655	-20.0
2662	0.0
2670	10.0
2676	-10.0
2680	-12.0
2682	-26.0
2689	0.0
2696	-4.0
2705	70.0
2709	-12.0
2713	-20.0
2720	2.0
2722	-24.0
2723	-26.0
2731	8.0
2738	-10.0
2742	-12.0
2751	74.0
2760	76.0
2769	76.0
2778	6.0
2787	64.0
2796	4.0
2802	-6.0
2803	-26.0
2811	2.0
2813	-22.0
2815	-20.0
2824	72.0
2833	68.0
2837	-12.0
2840	-22.0
2845	-6.0
2854	10.0
2859	-16.0
2866	6.0
2875	68.0
2884	68.0
2887	-22.0
2893	22.0
2902	8.0
2905	-18.0
2909	-12.0
2913	-14.0
2920	6.0
2923	-18.0
2932	74.0
2935	-14.0
2942	6.0
2948	-2.0
2955	2.0
2957	-28.0
2962	-6.0
2964	-22.0
2968	-14.0
2972	-20.0
2981	78.0
2990	72.0
2999	68.0
3002	-18.0
3006	-18.0
3014	2.0
3023	4.0
3027	-16.0
3034	-4.0
3043	10.0
3052	70.0
3055	-24.0
3058	-18.0
3067	68.0
3070	-22.0
3075	-10.0
3084	72.0
3088	-14.0
3097	10.0
3103	-6.0
3107	-20.0
3111	-10.0
3114	-18.0
3121	2.0
3124	-22.0
3133	78.0
3140	0.0
3149	2.0
3152	-22.0
3161	70.0
3168	2.0
3169	-28.0
3174	-6.0
3183	74.0
3186	-24.0
3190	-16.0
3195	-10.0
3201	-6.0
3206	-12.0
3215	70.0
3224	72.0
3226	-20.0
3231	-8.0
3238	4.0
3240	-24.0
3243	-18.0
3245	-24.0
3247	-26.0
3248	-26.0
3255	-2.0
3264	64.0
3269	-10.0
3277	4.0
3283	-4.0
3287	-18.0
3296	72.0
3298	-24.0
3307	66.0
3310	-24.0
3319	72.0
3327	4.0
3330	-18.0
3332	-20.0
3341	68.0
3343	-26.0
3350	2.0
3354	-18.0
3357	-18.0
3366	72.0
3372	-8.0
3377	-10.0
3382	-10.0
3385	-18.0
3387	-26.0
3396	76.0
3398	-24.0
3399	-26.0
3408	76.0
3411	-18.0
3420	80.0
3429	70.0
3431	-24.0
3436	-12.0
3439	-14.0
3448	74.0
3455	4.0
3460	-14.0
3465	-8.0
3470	-10.0
3479	70.0
3486	-4.0
3489	-20.0
3498	10.0
3500	-26.0
3502	-26.0
3511	70.0
3516	-10.0
3525	76.0
3526	-26.0
3532	-12.0
3540	6.0
3549	4.0
3551	-20.0
3553	-24.0
3557	-16.0
3564	4.0
3568	-8.0
3573	-6.0
3580	2.0
3582	-24.0
3584	-26.0
3589	-12.0
3591	-26.0
3600	74.0
3604	-14.0
3613	72.0
3616	-18.0
3618	-24.0
3627	16.0
3633	2.0
3639	-2.0
3648	74.0
3650	-24.0
3656	-6.0
3658	-22.0
3661	-20.0
3667	-2.0
3670	-20.0
3673	-22.0
3675	-24.0
3684	74.0
3687	-18.0
3696	76.0
3699	-14.0
3703	-18.0
3712	74.0
3717	-12.0
3720	-20.0
3722	-24.0
3728	-6.0
3737	72.0
3742	-14.0
3745	-18.0
3748	-22.0
3755	-6.0
3764	8.0
3773	80.0
3775	-20.0
3780	-2.0
3789	12.0
3798	70.0
3803	-16.0
3812	10.0
3817	-8.0
3824	8.0
3826	-26.0
3835	68.0
3844	68.0
3847	-22.0
3856	74.0
3860	-12.0
3870	34.0
3876	-2.0
3885	76.0
3894	72.0
3902	0.0
3906	-14.0
3909	-20.0
3911	-24.0
3920	66.0
3929	8.0
3935	-4.0
3938	-16.0
3941	-20.0
3946	-8.0
3953	6.0
3960	-4.0
3969	74.0
3975	-2.0
3984	68.0
3986	-26.0
3992	-8.0
4001	62.0
4004	-14.0
4013	66.0
4018	-14.0
4027	76.0
4033	-6.0
4042	66.0
4050	10.0
4058	6.0
4063	-8.0
4072	72.0
4081	76.0
4090	74.0
4097	2.0
4098	-28.0
4103	-8.0
4107	-12.0
4116	80.0
4124	12.0
4129	-14.0
4138	72.0
4147	72.0
4156	4.0
4158	-26.0
4167	70.0
4176	70.0
4182	-6.0
4184	-24.0
4189	-6.0
4190	-26.0
4194	-14.0
4203	74.0
4212	76.0
4219	6.0
4224	-12.0
4231	2.0
4240	74.0
4245	-14.0
4251	-12.0
4260	72.0
4262	-22.0
4271	68.0
4277	-8.0
4286	62.0
4293	0.0
4298	-10.0
4306	2.0
4311	20.0
4318	-4.0
4326	10.0
4333	-8.0
4338	-8.0
4344	-4.0
4349	-8.0
4353	-14.0
4357	-12.0
4359	-24.0
4368	4.0
4377	76.0
4381	-14.0
4388	-6.0
4395	0.0
4404	72.0
4411	2.0
4416	-14.0
4425	72.0
4426	-26.0
4429	-18.0
4436	0.0
4443	0.0
4449	-4.0
4456	-2.0
4460	-14.0
4465	-8.0
4472	0.0
4477	-6.0
4485	10.0
4494	72.0
4500	-8.0
4509	74.0
4518	72.0
4523	-10.0
4527	-10.0
4533	-6.0
4542	70.0
4551	74.0
4559	14.0
4568	72.0
4570	-24.0
4579	74.0
4581	-26.0
4588	6.0
4597	68.0
4606	72.0
4611	-6.0
4617	-10.0
4626	68.0
4635	10.0
4639	-12.0
4648	70.0
4651	-18.0
4657	-6.0
4661	-12.0
4665	-16.0
4674	78.0
4683	68.0
4687	-14.0
4696	74.0
4700	-14.0
4709	66.0
4715	-4.0
4717	-26.0
4726	4.0
4728	-24.0
4737	14.0
4744	0.0
4751	-4.0
4760	72.0
4769	8.0
4778	72.0
4785	0.0
4788	-16.0
4795	-4.0
4802	6.0
4811	76.0
4816	-14.0
4824	6.0
4832	0.0
4833	-26.0
4835	-24.0
4836	-26.0
4843	-2.0
4852	74.0
4861	70.0
4866	-10.0
4872	-2.0
4879	-10.0
4888	70.0
4894	-6.0
4896	-24.0
4905	72.0
4911	-8.0
4915	-14.0
4918	-18.0
4927	66.0
4936	66.0
4944	2.0
4947	-20.0
4956	76.0
4965	72.0
4968	-14.0
4972	-12.0
4974	-22.0
4979	20.0
4988	4.0
4997	70.0
5006	72.0
5010	-14.0
5014	-14.0
5015	-28.0
5023	6.0
5026	-22.0
5029	-22.0
5038	6.0
5047	66.0
5048	-26.0
5049	-26.0
5058	72.0
5067	76.0
5074	2.0
5083	70.0
5089	-2.0
5098	6.0
5107	70.0
5116	70.0
5123	-2.0
5124	-26.0
5131	2.0
5140	82.0
5145	-8.0
5152	0.0
5161	78.0
5163	-24.0
5169	-6.0
5173	-14.0
5175	-26.0
5182	0.0
5186	-8.0
5188	-24.0
5197	76.0
5206	76.0
5210	-12.0
5215	-12.0
5221	-10.0
5230	72.0
5239	70.0
5245	-8.0
5248	-22.0
5257	70.0
5262	-6.0
5271	72.0
5279	6.0
5288	74.0
5293	-8.0
5296	-22.0
5304	6.0
5306	-20.0
5314	32.0
5319	-8.0
5328	76.0
5335	0.0
5342	0.0
5343	-26.0
5352	76.0
5355	-18.0
5360	-8.0
5369	66.0
5378	74.0
5387	74.0
5394	-2.0
5403	76.0
5412	78.0
5421	74.0
5427	-8.0
5430	-14.0
5439	72.0
5445	-6.0
5454	76.0
5456	-24.0
5465	66.0
5468	-18.0
5477	68.0
5484	-8.0
5493	70.0
5502	70.0
5511	70.0
5519	0.0
5528	74.0
5534	-4.0
5540	-6.0
5544	-14.0
5550	-4.0
5559	68.0
5564	-10.0
5567	-14.0
5576	74.0
5578	-20.0
5587	76.0
5596	12.0
5605	12.0
5614	74.0
5618	-18.0
5627	72.0
5631	-10.0
5637	-8.0
5642	-8.0
5650	2.0
5653	-24.0
5655	-24.0
5660	-10.0
5665	-12.0
5672	4.0
5681	76.0
5690	8.0
5695	-10.0
5698	-22.0
5706	2.0
5715	68.0
5724	74.0
5732	2.0
5740	0.0
5749	82.0
5753	-14.0
5761	-2.0
5764	-18.0
5771	2.0
5775	-18.0
5777	-26.0
5781	-12.0
5784	-16.0
5787	-20.0
5796	76.0
5799	-22.0
5802	-20.0
5808	-6.0
5817	74.0
5827	40.0
5831	-14.0
5840	76.0
5841	-26.0
5843	-20.0
5846	-24.0
5855	74.0
5858	-18.0
5865	10.0
5871	-6.0
5875	-14.0
5884	64.0
5888	-14.0
5897	76.0
5906	78.0
5915	70.0
5924	78.0
5928	-12.0
5934	2.0
5939	-6.0
5942	-18.0
5946	-20.0
5955	70.0
5964	6.0
5968	-16.0
5977	68.0
5986	70.0
5995	70.0
6001	-4.0
6008	24.0
6017	72.0
6022	-12.0
6028	-8.0
6030	-20.0
6036	-4.0
6042	-6.0
6051	58.0
6057	-12.0
6066	64.0
6075	70.0
6082	2.0
6087	-8.0
6094	2.0
6097	-24.0
6106	74.0
6115	76.0
6123	10.0
6126	-18.0
6135	76.0
6144	72.0
6153	78.0
6162	78.0
6171	14.0
6178	-8.0
6186	10.0
6189	-22.0
6195	-4.0
6201	-4.0
6210	76.0
6217	-2.0
6223	-6.0
6232	74.0
6241	78.0
6250	74.0
6255	-6.0
6264	68.0
6269	-14.0
6273	-18.0
6282	74.0
6286	-14.0
6295	72.0
6304	72.0
6313	72.0
6322	78.0
6324	-24.0
6333	78.0
6337	-14.0
6341	-18.0
6343	-22.0
6352	66.0
6356	-18.0
6365	68.0
6372	4.0
6378	2.0
6381	-14.0
6385	-14.0
6394	16.0
6395	-26.0
6397	-22.0
6402	-6.0
6411	68.0
6420	76.0
6427	0.0
6431	-12.0
6440	72.0
6446	-8.0
6450	-12.0
6459	8.0
6461	-24.0
6468	4.0
6477	72.0
6486	70.0
6493	-2.0
6497	-16.0
6499	-22.0
6508	70.0
6517	64.0
6526	64.0
6535	68.0
6544	74.0
6546	-24.0
6549	-20.0
6553	-16.0
6560	-4.0
6566	-10.0
6575	74.0
6582	-2.0
6590	-4.0
6598	8.0
6603	-10.0
6612	72.0
6616	-18.0
6625	76.0
6634	70.0
6643	70.0
6652	70.0
6661	78.0
6670	80.0
6679	66.0
6686	0.0
6695	76.0
6704	72.0
6713	74.0
6717	-20.0
6719	-26.0
6724	-10.0
6733	70.0
6734	-28.0
6742	4.0
6746	-16.0
6755	72.0
6764	72.0
6773	74.0
6775	-26.0
6781	0.0
6790	70.0
6793	-24.0
6802	72.0
6811	72.0
6820	74.0
6829	74.0
6830	-28.0
6835	-6.0
6844	70.0
6853	6.0
6856	-22.0
6865	-2.0
6869	-12.0
6873	-14.0
6882	78.0
6891	74.0
6898	2.0
6907	78.0
6911	-12.0
6916	-10.0
6921	-8.0
6922	-28.0
6931	78.0
6939	4.0
6941	-24.0
6944	-22.0
6953	74.0
6954	-26.0
6956	-24.0
6961	-14.0
6962	-28.0
6966	-20.0
6973	-2.0
6982	72.0
6991	66.0
7000	76.0
7006	0.0
7009	-18.0
7014	-10.0
7023	80.0
7031	16.0
7039	8.0
7045	-8.0
7054	72.0
7060	-12.0
7064	-14.0
7067	-18.0
7070	-24.0
7079	4.0
7083	-20.0
7091	-2.0
7100	8.0
7107	0.0
7111	-18.0
7120	70.0
7129	4.0
7138	70.0
7140	-28.0
7147	-2.0
7152	-10.0
7161	70.0
7170	70.0
7179	4.0
7182	-16.0
7185	-18.0
7191	-6.0
7200	10.0
7207	-6.0
7216	72.0
7225	74.0
7226	-26.0
7235	76.0
7239	-8.0
7248	74.0
7254	-6.0
7258	-20.0
7267	70.0
7276	76.0
7277	-26.0
7280	-22.0
7289	72.0
7293	-14.0
7302	68.0
7303	-28.0
7308	-14.0
7317	4.0
7325	6.0
7334	66.0
7338	-14.0
7347	70.0
7354	-2.0
7360	-8.0
7362	-20.0
7371	76.0
7373	-20.0
7375	-20.0
7383	6.0
7384	-26.0
7393	76.0
7402	80.0
7404	-24.0
7412	2.0
7421	76.0
7430	72.0
7433	-20.0
7440	-2.0
7449	72.0
7458	66.0
7459	-26.0
7465	-6.0
7468	-14.0
7473	-10.0
7479	-8.0
7482	-22.0
7487	-12.0
7489	-24.0
7494	-6.0
7503	72.0
7512	64.0
7516	-16.0
7519	-20.0
7528	70.0
7534	-2.0
7539	-14.0
7542	-18.0
7551	74.0
7560	70.0
7565	-10.0
7572	-4.0
7578	-6.0
7587	4.0
7596	76.0
7602	0.0
7611	72.0
7618	2.0
7622	-12.0
7631	76.0
7640	74.0
7649	68.0
7658	70.0
7664	-6.0
7670	-6.0
7679	70.0
7681	-20.0
7690	76.0
7699	76.0
7703	-14.0
7707	-12.0
7711	-10.0
7720	76.0
7721	-28.0
7726	-14.0
7731	-12.0
7740	76.0
7746	-4.0
7751	-8.0
7759	0.0
7768	70.0
7777	70.0
7786	78.0
7795	76.0
7802	0.0
7811	76.0
7820	68.0
7821	-26.0
7823	-22.0
7828	-8.0
7835	-4.0
7839	-12.0
7843	-14.0
7847	-18.0
7856	70.0
7862	-8.0
7871	74.0
7880	78.0
7886	-8.0
7895	68.0
7898	-22.0
7907	70.0
7910	-22.0
7919	74.0
7923	-12.0
7930	0.0
7938	6.0
7940	-24.0
7944	-10.0
7947	-18.0
7949	-24.0
7952	-22.0
7954	-24.0
7957	-18.0
7963	-4.0
7972	70.0
7977	-8.0
7984	10.0
7989	-14.0
7998	8.0
8007	76.0
8016	66.0
8025	72.0
8031	-6.0
8038	4.0
8046	2.0
8055	74.0
8062	-2.0
8071	64.0
8079	8.0
8085	-4.0
8088	-18.0
8089	-26.0
8096	2.0
8105	70.0
8114	78.0
8123	74.0
8129	-4.0
8138	72.0
8140	-26.0
8149	68.0
8154	-10.0
8163	14.0
8169	-4.0
8178	64.0
8184	-6.0
8193	76.0
8202	66.0
8207	-16.0
8216	70.0
8225	66.0
8232	2.0
8241	70.0
8245	-12.0
8249	-18.0
8255	-6.0
8261	-2.0
8266	-10.0
8275	68.0
8281	-4.0
8290	66.0
8299	72.0
8307	12.0
8316	72.0
8325	68.0
8332	4.0
8340	4.0
8349	70.0
8358	76.0
8363	-14.0
8364	-26.0
8373	70.0
8377	-10.0
8386	64.0
8395	72.0
8404	74.0
8410	-10.0
8418	4.0
8422	-18.0
8427	-10.0
8436	76.0
8445	78.0
8454	6.0
8462	0.0
8469	0.0
8473	-20.0
8480	2.0
8489	74.0
8493	-10.0
8499	-6.0
8508	66.0
8517	72.0
8520	-18.0
8529	70.0
8538	80.0
8539	-26.0
8546	6.0
8555	74.0
8560	-10.0
8569	74.0
8573	-10.0
8582	74.0
8584	-28.0
8593	72.0
8594	-26.0
8602	6.0
8604	-20.0
8613	68.0
8618	-6.0
8622	-14.0
8624	-24.0
8626	-20.0
8632	-2.0
8638	-6.0
8644	-12.0
8653	68.0
8661	-2.0
8662	-26.0
8670	4.0
8675	16.0
8684	76.0
8693	74.0
8702	74.0
8711	70.0
8720	66.0
8729	72.0
8731	-24.0
8740	74.0
8747	8.0
8754	0.0
8763	70.0
8772	80.0
8781	68.0
8790	70.0
8799	64.0
8808	72.0
8814	-6.0
8821	2.0
8830	76.0
8839	72.0
8848	40.0
8853	-14.0
8860	-6.0
8864	-20.0
8873	68.0
8881	2.0
8889	6.0
8898	74.0
8907	74.0
8916	78.0
8925	66.0
8930	-12.0
8939	64.0
8947	2.0
8953	-6.0
8962	64.0
8971	72.0
8980	10.0
8985	-10.0
8994	10.0
9003	74.0
9012	72.0
9021	72.0
9029	6.0
9038	72.0
9047	74.0
9050	-14.0
9056	-6.0
9065	68.0
9074	4.0
9083	76.0
9086	-18.0
9090	-18.0
9096	0.0
9097	-28.0
9106	76.0
9115	72.0
9121	0.0
9130	74.0
9139	68.0
9148	66.0
9155	0.0
9164	72.0
9169	-10.0
9178	68.0
9187	2.0
9192	-4.0
9201	70.0
9204	-18.0
9213	76.0
9219	-6.0
9223	-18.0
9232	80.0
9235	-18.0
9239	-14.0
9241	4.0
9250	74.0
9259	6.0
9268	72.0
9277	10.0
9286	74.0
9295	68.0
9302	-2.0
9307	-14.0
9316	76.0
9325	70.0
9334	72.0
9336	-24.0
9345	70.0
9354	66.0
9360	4.0
9369	70.0
9371	-28.0
9380	14.0
9389	72.0
9398	72.0
9404	0.0
9413	74.0
9415	-26.0
9422	2.0
9431	64.0
9440	70.0
9449	64.0
9458	74.0
9467	72.0
9476	14.0
9485	76.0
9489	-12.0
9493	-18.0
9502	80.0
9509	2.0
9514	-6.0
9521	-4.0
9525	-12.0
9534	70.0
9537	-22.0
9539	-20.0
9548	80.0
9557	68.0
9560	-16.0
9567	6.0
9576	74.0
9585	70.0
9594	72.0
9596	-24.0
9605	76.0
9609	-16.0
9618	78.0
9627	70.0
9632	-8.0
9640	10.0
9649	76.0
9653	-18.0
9658	-12.0
9663	-14.0
9667	-14.0
9676	74.0
9685	78.0
9692	-6.0
9693	-26.0
9699	-6.0
9708	76.0
9717	76.0
9726	76.0
9735	80.0
9741	-10.0
9750	76.0
9759	78.0
9760	-26.0
9769	78.0
9774	-8.0
9783	78.0
9789	-10.0
9793	-12.0
9802	66.0
9811	72.0
9814	-18.0
9823	10.0
9831	10.0
9840	66.0
9847	4.0
9855	6.0
9860	-14.0
9869	66.0
9872	-14.0
9881	64.0
9884	-22.0
9893	68.0
9897	-12.0
9904	-2.0
9909	-12.0
9918	68.0
9927	74.0
9933	-8.0
9942	74.0
9946	-16.0
9948	-20.0
9956	8.0
9964	-2.0
9973	64.0
9976	-18.0
9977	-28.0
9986	74.0
9995	74.0
9997	-20.0
10006	12.0
10009	-18.0
10017	2.0
10019	-24.0
10028	74.0
10033	-4.0
10037	-18.0
10040	-14.0
10041	-26.0
10045	-14.0
10054	72.0
10064	36.0
10073	76.0
10082	-6.0
10088	0.0
10090	-24.0
10091	-28.0
10100	76.0
10105	-10.0
10112	-4.0
10119	2.0
10128	68.0
10137	10.0
10146	76.0
10147	-26.0
10156	74.0
10161	-8.0
10165	-14.0
10168	-18.0
10177	76.0
10186	76.0
10190	-14.0
10191	-28.0
10194	-18.0
10201	2.0
10210	74.0
10219	72.0
10228	66.0
10237	74.0
10246	68.0
10255	68.0
10263	-2.0
10270	-4.0
10279	76.0
10288	68.0
10295	-2.0
10304	8.0
10310	-6.0
10319	68.0
10325	-10.0
10334	76.0
10339	-8.0
10348	68.0
10355	-2.0
10361	-2.0
10370	64.0
10379	76.0
10388	70.0
10393	-14.0
10397	-18.0
10405	6.0
10414	70.0
10423	76.0
10432	76.0
10441	68.0
10450	76.0
10459	72.0
10468	68.0
10476	2.0
10485	68.0
10494	68.0
10501	4.0
10503	-26.0
10510	-2.0
10519	74.0
10528	72.0
10531	-16.0
10540	72.0
10549	66.0
10554	-8.0
10559	-8.0
10564	-10.0
10573	72.0
10577	-12.0
10586	68.0
10595	68.0
10600	-10.0
10605	-8.0
10613	0.0
10616	-22.0
10625	72.0
10629	-14.0
10638	12.0
10647	68.0
10656	76.0
10665	74.0
10671	-4.0
10677	-8.0
10681	-12.0
10690	74.0
10696	-6.0
10705	68.0
10714	74.0
10723	78.0
10727	-18.0
10736	4.0
10744	4.0
10750	-2.0
10759	66.0
10761	-22.0
10764	-16.0
10773	74.0
10782	12.0
10785	-18.0
10787	-24.0
10796	76.0
10804	6.0
10813	72.0
10822	74.0
10831	76.0
10835	-16.0
10844	68.0
10851	2.0
10858	6.0
10865	-4.0
10867	-26.0
10870	-18.0
10871	-28.0
10880	6.0
10884	-12.0
10888	-18.0
10892	-18.0
10901	80.0
10910	10.0
10913	-20.0
10923	40.0
10929	-6.0
10934	-8.0
10938	-14.0
10946	10.0
10950	-18.0
10955	-14.0
10963	4.0
10972	74.0
10974	-24.0
10983	76.0
10990	-6.0
10999	60.0
11008	10.0
11013	-10.0
11022	74.0
11031	6.0
11038	-6.0
11047	10.0
11049	-24.0
11058	72.0
11063	-8.0
11068	-8.0
11074	-8.0
11083	74.0
11088	-14.0
11097	68.0
11106	72.0
11115	68.0
11123	4.0
11130	2.0
11137	8.0
11146	68.0
11155	82.0
11158	-22.0
11164	-6.0
11166	-22.0
11172	-10.0
11181	74.0
11190	74.0
11195	-8.0
11204	70.0
11213	72.0
11219	-12.0
11226	0.0
11229	-18.0
11238	72.0
11244	0.0
11253	78.0
11262	68.0
11271	78.0
11280	80.0
11289	68.0
11294	-12.0
11296	-24.0
11297	-28.0
11304	-6.0
11313	70.0
11321	6.0
11327	-2.0
11334	-8.0
11343	66.0
11351	8.0
11360	76.0
11361	-28.0
11365	-18.0
11372	-2.0
11381	10.0
11390	74.0
11399	68.0
11401	-26.0
11402	-28.0
11408	-12.0
11412	-14.0
11421	72.0
11430	76.0
11439	74.0
11445	-6.0
11451	-8.0
11453	-20.0
11462	76.0
11471	70.0
11480	68.0
11484	-20.0
11490	-4.0
11498	8.0
11507	8.0
11511	-18.0
11520	72.0
11529	72.0
11535	-4.0
11540	-14.0
11549	80.0
11555	-2.0
11564	74.0
11570	-6.0
11577	4.0
11586	68.0
11595	72.0
11604	74.0
11613	74.0
11616	-18.0
11625	6.0
11634	72.0
11643	76.0
11652	72.0
11654	-24.0
11661	6.0
11670	66.0
11677	-6.0
11681	-10.0
11690	72.0
11695	-14.0
11704	76.0
11713	4.0
11716	-16.0
11720	-14.0
11724	-18.0
11733	72.0
11742	74.0
11749	-6.0
11758	74.0
11767	66.0
11772	-6.0
11781	76.0
11790	72.0
11793	-18.0
11803	38.0
11812	72.0
11814	-24.0
11819	-12.0
11828	70.0
11831	-18.0
11835	-18.0
11839	-16.0
11844	-4.0
11849	-12.0
11858	8.0
11866	10.0
11875	68.0
11884	66.0
11891	6.0
11898	-2.0
11907	70.0
11916	68.0
11925	66.0
11929	-12.0
11935	-12.0
11944	74.0
11953	70.0
11956	-18.0
11958	-22.0
11967	70.0
11976	68.0
11978	-24.0
11981	-18.0
11986	-10.0
11995	72.0
12004	72.0
12010	-12.0
12019	60.0
12028	68.0
12032	-16.0
12038	-10.0
12047	66.0
12056	72.0
12064	2.0
12073	70.0
12082	74.0
12085	-20.0
12094	76.0
12103	76.0
12108	-14.0
12117	64.0
12124	2.0
12133	82.0
12142	72.0
12151	72.0
12158	-4.0
12163	-10.0
12170	0.0
12177	0.0
12183	-2.0
12192	74.0
12201	70.0
12203	-24.0
12212	76.0
12221	2.0
12227	-8.0
12236	70.0
12245	72.0
12254	68.0
12263	6.0
12265	-22.0
12274	72.0
12283	76.0
12292	68.0
12301	74.0
12310	74.0
12319	68.0
12328	82.0
12337	64.0
12346	76.0
12355	10.0
12357	-24.0
12366	72.0
12372	-8.0
12373	-26.0
12382	68.0
12386	-12.0
12393	2.0
12402	64.0
12411	76.0
12416	-8.0
12421	-14.0
12426	-8.0
12435	14.0
12444	72.0
12453	64.0
12457	-12.0
12466	68.0
12475	70.0
12480	-10.0
12489	74.0
12496	-6.0
12505	74.0
12509	-14.0
12518	66.0
12527	74.0
12536	70.0
12545	74.0
12554	78.0
12563	64.0
12572	80.0
12581	72.0
12588	4.0
12597	66.0
12606	72.0
12612	-10.0
12617	-12.0
12626	80.0
12635	72.0
12640	-14.0
12641	-26.0
12650	64.0
12659	70.0
12668	64.0
12677	72.0
12686	76.0
12693	0.0
12698	-12.0
12704	-6.0
12713	78.0
12722	68.0
12729	-6.0
12737	6.0
12738	-26.0
12747	74.0
12753	-6.0
12759	-4.0
12761	-26.0
12770	76.0
12779	76.0
12788	70.0
12797	80.0
12803	-4.0
12808	-6.0
12812	-16.0
12821	78.0
12830	-14.0
12839	72.0
12842	-20.0
12849	4.0
12858	68.0
12867	64.0
12876	74.0
12885	8.0
12894	66.0
12903	6.0
12912	76.0
12918	-6.0
12927	70.0
12936	70.0
12945	76.0
12954	8.0
12963	66.0
12972	72.0
12979	0.0
12988	70.0
12997	72.0
13006	78.0
13009	-18.0
13018	70.0
13027	72.0
13036	66.0
13043	22.0
13052	10.0
13061	60.0
13068	4.0
13077	72.0
13086	72.0
13095	78.0
13100	-12.0
13109	70.0
13118	68.0
13125	-2.0
13133	-2.0
13142	68.0
13151	74.0
13159	-4.0
13168	68.0
13177	78.0
13186	72.0
13192	-10.0
13197	-12.0
13200	-18.0
13207	18.0
13216	72.0
13225	68.0
13234	66.0
13240	-8.0
13247	-4.0
13253	0.0
13262	72.0
13271	8.0
13276	-10.0
13280	-14.0
13289	72.0
13292	-22.0
13296	-14.0
13305	70.0
13314	72.0
13320	-10.0
13329	72.0
13338	80.0
13347	70.0
13356	78.0
13365	68.0
13368	-16.0
13377	2.0
13386	66.0
13395	64.0
13400	-14.0
13409	72.0
13418	78.0
13423	-2.0
13430	4.0
13439	6.0
13448	70.0
13457	72.0
13458	-26.0
13467	74.0
13476	70.0
13479	-24.0
13486	-6.0
13495	76.0
13498	-18.0
13503	-10.0
13506	-18.0
13515	6.0
13524	78.0
13533	72.0
13535	-22.0
13544	70.0
13551	-6.0
13559	6.0
13568	70.0
13574	-8.0
13582	2.0
13588	-10.0
13597	74.0
13604	-8.0
13611	-4.0
13620	74.0
13625	-14.0
13629	-10.0
13636	-2.0
13642	-4.0
13651	76.0
13660	72.0
13669	68.0
13678	74.0
13684	20.0
13693	4.0
13702	64.0
13711	74.0
13720	78.0
13729	72.0
13738	72.0
13746	-4.0
13755	78.0
13764	72.0
13773	80.0
13782	12.0
13791	68.0
13800	72.0
13809	72.0
13818	72.0
13827	76.0
13836	6.0
13838	-22.0
13845	-2.0
13854	74.0
13856	-24.0
13863	-4.0
13867	-14.0
13876	72.0
13885	66.0
13890	-16.0
13899	62.0
13907	4.0
13916	66.0
13918	-22.0
13923	-14.0
13928	-14.0
13937	74.0
13942	-6.0
13947	-6.0
13954	-6.0
13958	-18.0
13967	68.0
13969	-26.0
13973	-8.0
13982	70.0
13986	-14.0
13995	70.0
13996	-26.0
14005	68.0
14014	70.0
14019	-10.0
14026	-2.0
14030	-14.0
14039	72.0
14045	-2.0
14054	78.0
14060	-2.0
14061	-26.0
14066	-14.0
14069	-18.0
14075	-2.0
14084	68.0
14092	-2.0
14101	74.0
14107	-4.0
14116	70.0
14118	-24.0
14127	72.0
14136	74.0
14145	74.0
14149	-14.0
14157	6.0
14161	-12.0
14166	-2.0
14168	-24.0
14177	70.0
14181	-16.0
14190	70.0
14195	-14.0
14202	2.0
14211	74.0
14217	-8.0
14226	74.0
14235	66.0
14240	-2.0
14246	-10.0
14251	-14.0
14260	72.0
14269	70.0
14274	-14.0
14283	70.0
14290	-6.0
14299	76.0
14308	74.0
14310	-26.0
14319	68.0
14328	68.0
14337	70.0
14346	78.0
14355	68.0
14364	68.0
14373	6.0
14382	72.0
14391	76.0
14395	-14.0
14404	64.0
14410	-4.0
14416	0.0
14420	-14.0
14429	72.0
14436	0.0
14445	74.0
14448	-16.0
14457	68.0
14466	70.0
14473	-8.0
14482	70.0
14487	-14.0
14494	-6.0
14503	74.0
14512	66.0
14521	68.0
14530	72.0
14534	-10.0
14535	-28.0
14544	70.0
14553	72.0
14562	74.0
14571	68.0
14580	74.0
14589	70.0
14598	80.0
14607	76.0
14614	-8.0
14623	76.0
14629	-4.0
14638	70.0
14639	-26.0
14646	-2.0
14655	76.0
14662	-2.0
14668	-6.0
14677	74.0
14686	16.0
14691	-14.0
14700	72.0
14709	70.0
14718	68.0
14724	-6.0
14733	72.0
14740	-4.0
14747	-4.0
14756	72.0
14764	12.0
14773	74.0
14782	70.0
14791	76.0
14796	-14.0
14805	70.0
14814	70.0
14823	70.0
14832	72.0
14841	70.0
14846	-8.0
14851	-10.0
14859	6.0
14865	0.0
14874	76.0
14878	-20.0
14887	66.0
14896	72.0
14901	-12.0
14910	72.0
14919	74.0
14924	-14.0
14933	72.0
14938	-14.0
14947	70.0
14948	-26.0
14955	0.0
14959	-14.0
14960	-26.0
14968	8.0
14977	68.0
14982	-10.0
14991	72.0
14996	-8.0
15005	62.0
15014	74.0
15018	-14.0
15026	4.0
15032	-4.0
15035	-18.0
15044	68.0
15048	-14.0
15050	-20.0
15059	72.0
15068	68.0
15070	-26.0
15075	-14.0
15084	70.0
15093	70.0
15096	-18.0
15105	72.0
15110	-14.0
15119	78.0
15128	72.0
15137	68.0
15144	2.0
15153	74.0
15157	-12.0
15161	-10.0
15166	-8.0
15175	72.0
15184	74.0
15193	70.0
15202	70.0
15208	-8.0
15214	-10.0
15223	76.0
15232	60.0
15236	-18.0
15239	-18.0
15248	70.0
15253	-14.0
15262	76.0
15271	70.0
15280	72.0
15287	-2.0
15292	-14.0
15301	76.0
15310	74.0
15311	-28.0
15320	74.0
15329	66.0
15338	68.0
15345	-4.0
15354	66.0
15363	74.0
15373	56.0
15382	72.0
15391	6.0
15400	72.0
15406	-4.0
15409	-18.0
15415	-2.0
15420	-12.0
15429	68.0
15438	72.0
15447	66.0
15456	74.0
15465	72.0
15474	70.0
15483	72.0
15492	6.0
15498	-8.0
15507	72.0
15511	-12.0
15520	70.0
15527	-6.0
15532	-14.0
15541	74.0
15548	-6.0
15557	74.0
15563	-6.0
15572	76.0
15580	6.0
15589	8.0
15598	70.0
15600	-24.0
15609	70.0
15618	8.0
15627	68.0
15636	76.0
15645	76.0
15651	-10.0
15660	72.0
15669	66.0
15678	74.0
15687	72.0
15696	70.0
15701	-8.0
15708	-6.0
15709	-28.0
15714	-12.0
15723	74.0
15732	60.0
15741	76.0
15750	76.0
15759	2.0
15768	74.0
15774	-10.0
15783	70.0
15792	4.0
15801	72.0
15810	68.0
15819	82.0
15828	74.0
15837	76.0
15846	66.0
15855	74.0
15861	-10.0
15867	-2.0
15872	-14.0
15881	74.0
15890	70.0
15899	70.0
15908	70.0
15917	74.0
15925	6.0
15934	68.0
15943	74.0
15950	4.0
15959	78.0
15968	6.0
15977	78.0
15981	-12.0
15990	78.0
15999	74.0
16008	74.0
16017	70.0
16019	-22.0
16028	70.0
16037	70.0
16043	-8.0
16052	72.0
16061	74.0
16066	-14.0
16075	74.0
16079	-10.0
16088	68.0
16097	74.0
16102	-6.0
16111	70.0
16120	70.0
16129	72.0
16138	68.0
16145	4.0
16154	74.0
16159	-10.0
16168	66.0
16177	74.0
16186	70.0
16195	66.0
16200	-14.0
16209	70.0
16218	66.0
16227	74.0
16234	-4.0
16239	-14.0
16248	66.0
16257	72.0
16266	70.0
16275	70.0
16284	68.0
16293	70.0
16302	74.0
16310	40.0
16319	74.0
16328	76.0
16337	66.0
16346	70.0
16355	66.0
16364	72.0
16373	74.0
16382	76.0
16387	-12.0
16396	72.0
16405	66.0
16407	-24.0
16416	78.0
16422	-6.0
16431	80.0
16440	74.0
16441	-26.0
16450	72.0
16459	64.0
16463	-14.0
16469	-4.0
16477	2.0
16486	76.0
16495	68.0
16504	58.0
16513	60.0
16679	0
16688	72.0
16697	70.0
16706	72.0
16715	70.0
16724	6.0
16728	-14.0
16735	2.0
16744	68.0
16753	12.0
16762	68.0
16771	72.0
16780	78.0
16789	72.0
16793	-14.0
16802	66.0
16811	72.0
16820	74.0
16825	-14.0
16834	76.0
16841	16.0
16850	68.0
16858	10.0
16867	78.0
16876	60.0
16881	-14.0
16890	72.0
16899	78.0
16908	60.0
16917	72.0
16926	72.0
16935	70.0
16941	-6.0
16946	-8.0
16955	66.0
16964	70.0
16970	-12.0
16979	66.0
16985	-6.0
16988	-24.0
16993	-10.0
17002	62.0
17011	72.0
17019	30.0
17028	66.0
17037	68.0
17045	8.0
17051	-4.0
17060	68.0
17061	-26.0
17070	68.0
17071	-28.0
17077	-4.0
17080	-18.0
17089	72.0
17094	-10.0
17103	66.0
17108	-10.0
17117	68.0
17126	74.0
17132	-12.0
17141	76.0
17148	-4.0
17154	-8.0
17163	64.0
17172	10.0
17179	2.0
17188	76.0
17197	70.0
17206	70.0
17211	-14.0
17220	74.0
17229	72.0
17238	64.0
17247	66.0
17252	-10.0
17256	-18.0
17265	74.0
17274	76.0
17283	10.0
17292	74.0
17301	78.0
17309	-4.0
17318	64.0
17324	-4.0
17333	66.0
17342	82.0
17351	70.0
17357	-2.0
17363	-6.0
17369	-6.0
17378	74.0
17387	72.0
17396	66.0
17405	66.0
17412	8.0
17421	6.0
17424	-20.0
17433	72.0
17439	-6.0
17448	10.0
17457	68.0
17466	70.0
17471	-10.0
17480	72.0
17486	-12.0
17495	68.0
17496	-26.0
17505	74.0
17514	72.0
17519	-14.0
17526	-2.0
17528	-28.0
17537	66.0
17545	4.0
17551	-6.0
17560	68.0
17569	72.0
17578	76.0
17587	66.0
17593	-6.0
17597	-18.0
17599	-24.0
17604	-6.0
17607	-18.0
17616	68.0
17624	-4.0
17633	72.0
17642	66.0
17651	76.0
17660	72.0
17661	-28.0
17668	2.0
17677	68.0
17686	58.0
17691	-14.0
17700	66.0
17706	-10.0
17715	68.0
17724	72.0
17729	-14.0
17738	68.0
17747	74.0
17756	68.0
17765	68.0
17774	72.0
17783	76.0
17792	72.0
17802	32.0
17811	72.0
17817	-6.0
17822	-14.0
17829	-2.0
17838	68.0
17847	76.0
17848	-28.0
17855	-8.0
17863	8.0
17872	72.0
17880	6.0
17886	-4.0
17893	-2.0
17902	64.0
17911	64.0
17920	74.0
17929	76.0
17938	74.0
17942	-20.0
17943	-26.0
17948	-10.0
17954	-10.0
17963	74.0
17972	72.0
17976	-14.0
17985	68.0
17992	-2.0
18001	74.0
18010	66.0
18016	-8.0
18025	74.0
18034	8.0
18040	-2.0
18045	-14.0
18051	-8.0
18060	66.0
18069	72.0
18075	-8.0
18084	70.0
18093	66.0
18102	76.0
18111	78.0
18120	74.0
18129	72.0
18138	68.0
18147	74.0
18156	72.0
18165	74.0
18172	2.0
18181	72.0
18190	74.0
18196	-4.0
18205	64.0
18214	74.0
18219	-8.0
18228	74.0
18237	72.0
18242	-12.0
18251	64.0
18260	68.0
18269	68.0
18278	76.0
18285	-2.0
18289	-16.0
18298	72.0
18303	-10.0
18312	76.0
18321	78.0
18324	-18.0
18333	74.0
18336	-20.0
18340	-14.0
18344	-10.0
18353	70.0
18362	68.0
18371	74.0
18380	70.0
18386	-8.0
18395	76.0
18404	68.0
18413	70.0
18421	0.0
18430	74.0
18435	-10.0
18445	32.0
18454	60.0
18460	-12.0
18461	-26.0
18469	6.0
18478	64.0
18487	72.0
18495	8.0
18498	-22.0
18504	-6.0
18513	64.0
18522	64.0
18531	74.0
18534	-20.0
18538	-10.0
18547	68.0
18556	60.0
18562	-12.0
18571	68.0
18580	68.0
18585	-6.0
18594	68.0
18603	70.0
18609	0.0
18618	70.0
18627	70.0
18636	66.0
18645	76.0
18652	6.0
18661	70.0
18666	-14.0
18671	-14.0
18680	72.0
18689	78.0
18696	4.0
18705	76.0
18714	74.0
18719	-10.0
18728	70.0
18737	74.0
18746	74.0
18755	64.0
18764	72.0
18773	72.0
18782	74.0
18785	-18.0
18794	66.0
18803	78.0
18811	4.0
18818	-4.0
18825	0.0
18834	10.0
18844	32.0
18846	-22.0
18853	-4.0
18862	80.0
18871	76.0
18880	72.0
18889	78.0
18898	2.0
18906	2.0
18915	72.0
18924	78.0
18933	68.0
18943	62.0
18947	-12.0
18956	74.0
18965	78.0
18974	66.0
18981	-2.0
18990	70.0
18999	10.0
19005	-8.0
19010	-10.0
19015	-12.0
19022	2.0
19031	16.0
19040	70.0
19049	64.0
19057	6.0
19066	72.0
19070	-14.0
19075	-10.0
19084	80.0
19085	-28.0
19090	-14.0
19096	16.0
19105	76.0
19114	66.0
19123	70.0
19131	8.0
19137	-10.0
19146	72.0
19155	74.0
19160	-8.0
19169	74.0
19173	-16.0
19182	68.0
19191	64.0
19200	66.0
19201	-26.0
19210	82.0
19219	74.0
19228	68.0
19233	-14.0
19242	6.0
19251	76.0
19257	-2.0
19266	70.0
19274	0.0
19281	0.0
19290	76.0
19298	32.0
19307	72.0
19316	74.0
19325	74.0
19334	66.0
19343	74.0
19348	-12.0
19354	-10.0
19363	74.0
19372	74.0
19381	70.0
19390	66.0
19398	0.0
19407	76.0
19416	74.0
19425	74.0
19434	66.0
19443	74.0
19452	70.0
19456	-14.0
19459	-22.0
19468	78.0
19477	72.0
19486	76.0
19495	72.0
19504	72.0
19513	80.0
19517	-10.0
19526	72.0
19535	80.0
19544	74.0
19553	68.0
19562	78.0
19567	-10.0
19576	80.0
19585	76.0
19594	74.0
19603	66.0
19609	-8.0
19616	-6.0
19620	-18.0
19629	68.0
19638	72.0
19639	-28.0
19646	-4.0
19652	-4.0
19661	68.0
19665	-16.0
19674	72.0
19679	-8.0
19684	-10.0
19692	8.0
19700	12.0
19709	78.0
19713	-12.0
19720	2.0
19725	-14.0
19734	78.0
19743	72.0
19748	-14.0
19757	74.0
19766	66.0
19770	-16.0
19779	76.0
19788	64.0
19797	10.0
19799	-28.0
19808	62.0
19815	2.0
19824	72.0
19833	74.0
19842	66.0
19847	-8.0
19856	70.0
19865	64.0
19874	72.0
19883	70.0
19886	-18.0
19895	66.0
19904	68.0
19913	82.0
19922	6.0
19931	68.0
19940	72.0
19949	66.0
19958	10.0
19962	-16.0
19971	76.0
19974	-18.0
19983	68.0
19987	-20.0
19993	-6.0
20002	78.0
20011	70.0
20018	-2.0
20027	68.0
20036	70.0
20046	40.0
20055	68.0
20064	66.0
20073	66.0
20074	-28.0
20083	68.0
20089	-4.0
20092	-18.0
20101	72.0
20110	76.0
20119	64.0
20128	72.0
20137	70.0
20146	76.0
20155	68.0
20164	64.0
20173	70.0
20182	66.0
20191	70.0
20200	76.0
20209	76.0
20215	-4.0
20224	70.0
20233	64.0
20242	74.0
20251	70.0
20260	72.0
20266	-6.0
20275	72.0
20284	64.0
20293	66.0
20298	-14.0
20307	72.0
20316	78.0
20325	72.0
20334	68.0
20343	82.0
20352	70.0
20361	74.0
20370	72.0
20379	72.0
20388	72.0
20397	70.0
20406	74.0
20415	72.0
20424	70.0
20429	-10.0
20432	-20.0
20441	76.0
20447	-8.0
20456	68.0
20465	66.0
20474	76.0
20483	74.0
20492	76.0
20496	-14.0
20505	8.0
20509	-12.0
20514	-14.0
20523	10.0
20532	72.0
20541	66.0
20550	6.0
20559	76.0
20563	-12.0
20572	74.0
20581	70.0
20590	68.0
20599	70.0
20606	4.0
20616	40.0
20625	68.0
20634	72.0
20643	76.0
20647	-12.0
20656	70.0
20662	-10.0
20671	74.0
20680	70.0
20684	-12.0
20688	-14.0
20697	64.0
20706	68.0
20709	-18.0
20718	76.0
20727	76.0
20736	74.0
20745	68.0
20754	68.0
20763	74.0
20768	-12.0
20774	0.0
20783	72.0
20792	68.0
20801	74.0
20810	72.0
20819	66.0
20828	68.0
20832	-14.0
20837	-10.0
20846	72.0
20855	68.0
20859	-10.0
20867	0.0
20868	-28.0
20877	78.0
20886	2.0
20896	32.0
20905	74.0
20914	62.0
20923	62.0
20932	80.0
20939	0.0
20940	-26.0
20949	70.0
20958	76.0
20967	74.0
20973	-4.0
20978	-8.0
20987	76.0
20991	-14.0
20998	4.0
21001	-16.0
21010	12.0
21019	72.0
21028	66.0
21032	-16.0
21038	12.0
21047	74.0
21056	66.0
21060	-14.0
21069	66.0
21074	-14.0
21083	58.0
21092	72.0
21101	68.0
21107	-2.0
21116	70.0
21122	-4.0
21131	68.0
21137	-8.0
21146	74.0
21155	66.0
21164	76.0
21173	74.0
21182	70.0
21191	68.0
21192	-28.0
21201	74.0
21210	6.0
21219	72.0
21228	74.0
21237	68.0
21246	70.0
21255	70.0
21264	66.0
21266	-24.0
21275	78.0
21278	-18.0
21287	76.0
21296	76.0
21305	72.0
21314	70.0
21321	0.0
21330	68.0
21339	74.0
21342	-18.0
21351	70.0
21360	74.0
21369	72.0
21378	8.0
21386	30.0
21391	-12.0
21397	-6.0
21406	72.0
21415	68.0
21424	76.0
21433	70.0
21436	-18.0
21445	74.0
21449	-12.0
21458	64.0
21460	-24.0
21469	66.0
21476	-10.0
21483	2.0
21492	74.0
21501	70.0
21510	76.0
21514	-8.0
21522	8.0
21531	72.0
21540	68.0
21549	70.0
21558	6.0
21563	-8.0
21568	-12.0
21577	68.0
21586	62.0
21595	78.0
21604	74.0
21613	72.0
21616	-16.0
21625	72.0
21634	72.0
21643	74.0
21652	70.0
21661	68.0
21666	-12.0
21675	68.0
21684	66.0
21693	68.0
21700	-4.0
21709	68.0
21718	68.0
21727	74.0
21736	74.0
21742	-6.0
21748	-6.0
21757	62.0
21766	70.0
21775	72.0
21779	-14.0
21788	68.0
21797	76.0
21806	72.0
21812	-8.0
21817	-8.0
21826	66.0
21835	74.0
21844	72.0
21853	64.0
21862	74.0
21866	-12.0
21875	6.0
21884	76.0
21893	74.0
21902	8.0
21911	70.0
21920	72.0
21929	64.0
21938	68.0
21947	72.0
21956	70.0
21961	-6.0
21966	-10.0
21975	68.0
21984	76.0
21989	-12.0
21998	6.0
22006	2.0
22015	68.0
22024	66.0
22029	-14.0
22038	66.0
22042	-10.0
22051	70.0
22060	68.0
22069	70.0
22078	64.0
22087	70.0
22096	78.0
22101	-10.0
22110	68.0
22115	-10.0
22124	76.0
22133	66.0
22142	74.0
22147	-12.0
22156	74.0
22165	74.0
22169	-12.0
22178	68.0
22187	72.0
22196	72.0
22205	68.0
22214	72.0
22223	70.0
22227	-14.0
22236	70.0
22245	72.0
22249	-8.0
22252	-18.0
22261	66.0
22270	8.0
22279	82.0
22287	12.0
22296	72.0
22303	-2.0
22312	78.0
22321	70.0
22328	0.0
22337	66.0
22346	72.0
22355	72.0
22356	-26.0
22365	72.0
22369	-14.0
22378	72.0
22382	-16.0
22385	-18.0
22394	60.0
22403	64.0
22412	74.0
22421	72.0
22430	74.0
22434	-14.0
22441	-2.0
22448	-2.0
22457	64.0
22466	74.0
22473	0.0
22482	66.0
22491	76.0
22496	-8.0
22505	74.0
22514	2.0
22519	-14.0
22524	-8.0
22533	78.0
22542	74.0
22551	68.0
22560	68.0
22569	68.0
22578	68.0
22586	6.0
22595	64.0
22602	-2.0
22607	-14.0
22616	70.0
22625	62.0
22634	62.0
22643	6.0
22652	72.0
22661	74.0
22663	-24.0
22668	-10.0
22677	8.0
22686	72.0
22693	4.0
22702	62.0
22707	-8.0
