10	6.0
12	-28.0
19	18.0
27	10.0
31	4.0
42	52.0
45	-30.0
49	6.0
52	-28.0
55	-26.0
66	18.0
70	-26.0
76	-28.0
85	26.0
87	-28.0
98	-16.0
101	-28.0
107	8.0
109	-28.0
111	-28.0
114	-26.0
120	-22.0
121	-30.0
132	-22.0
137	12.0
139	-26.0
140	-30.0
146	6.0
149	-22.0
152	-30.0
155	-24.0
162	-24.0
168	-40.0
171	-28.0
175	-30.0
180	12.0
191	56.0
193	-26.0
202	-16.0
205	-30.0
207	-28.0
209	-26.0
212	6.0
221	-22.0
228	-22.0
230	-28.0
232	2.0
234	-30.0
236	-26.0
238	-28.0
248	40.0
253	-22.0
256	-24.0
260	0
262	-26.0
268	-18.0
270	-28.0
278	-48.0
282	8.0
286	6.0
289	-26.0
293	-24.0
296	-28.0
307	52.0
311	-24.0
314	-20.0
324	48.0
327	4.0
328	-30.0
330	2.0
332	-22.0
335	-28.0
341	14.0
346	-16.0
347	-30.0
350	-22.0
354	-22.0
356	2.0
362	10.0
368	-22.0
375	-14.0
379	-24.0
383	-28.0
392	10.0
394	-28.0
399	-22.0
405	-22.0
407	-28.0
414	-12.0
423	10.0
429	-24.0
431	-26.0
434	-28.0
436	-58.0
438	-26.0
442	-26.0
445	-26.0
453	48.0
456	6.0
461	-30.0
466	-28.0
470	-28.0
472	2.0
480	-48.0
483	-26.0
493	14.0
497	-50.0
504	-6.0
507	-30.0
518	12.0
527	-18.0
529	2.0
530	-30.0
535	-20.0
540	-22.0
546	-22.0
557	22.0
564	10.0
566	-24.0
570	-22.0
574	6.0
577	-24.0
581	-26.0
583	-30.0
585	-30.0
590	-14.0
594	-26.0
598	-24.0
601	-28.0
608	-26.0
614	-18.0
616	-28.0
622	-24.0
625	-28.0
632	-18.0
639	10.0
644	-22.0
646	-26.0
648	-58.0
651	-28.0
653	-26.0
656	-26.0
668	46.0
670	-58.0
673	-30.0
676	-22.0
680	-30.0
683	-30.0
686	-22.0
687	-30.0
691	4.0
692	-30.0
703	46.0
707	-22.0
714	-24.0
716	-30.0
719	-20.0
729	8.0
736	12.0
741	-22.0
744	4.0
748	-30.0
751	-30.0
759	-20.0
762	-22.0
767	12.0
769	2.0
773	-22.0
778	-48.0
781	-28.0
784	-30.0
795	48.0
801	14.0
804	-30.0
808	-18.0
818	16.0
820	-28.0
823	-22.0
829	-22.0
831	-28.0
836	-24.0
847	-6.0
855	52.0
857	-30.0
864	-12.0
869	-22.0
873	6.0
877	6.0
882	-30.0
890	0.0
894	8.0
898	4.0
908	52.0
913	-28.0
923	18.0
932	28.0
935	-54.0
939	-12.0
949	-20.0
954	4.0
956	-28.0
968	54.0
980	56.0
982	-26.0
986	0
988	-28.0
994	8.0
1003	18.0
1015	22.0
1017	-30.0
1026	16.0
1027	-30.0
1031	6.0
1034	-26.0
1035	-30.0
1037	-28.0
1044	-6.0
1047	-20.0
1053	14.0
1054	-30.0
1058	6.0
1059	-30.0
1061	-28.0
1066	-20.0
1071	12.0
1073	-26.0
1075	-26.0
1085	18.0
1087	-24.0
1090	-20.0
1094	-18.0
1101	14.0
1103	-26.0
1115	16.0
1116	-30.0
1119	0
1121	-30.0
1125	4.0
1127	-26.0
1132	-24.0
1135	-24.0
1138	-50.0
1140	-28.0
1145	-22.0
1149	-28.0
1152	-30.0
1155	-24.0
1161	-20.0
1166	-18.0
1172	-36.0
1174	-26.0
1177	-24.0
1181	8.0
1186	-22.0
1192	-18.0
1196	-30.0
1199	-22.0
1204	-22.0
1207	4.0
1211	-26.0
1220	10.0
1229	24.0
1238	44.0
1247	18.0
1253	-22.0
1257	-28.0
1264	-12.0
1274	12.0
1280	-20.0
1284	4.0
1292	-2.0
1294	-30.0
1301	16.0
1304	-20.0
1306	-26.0
1309	-24.0
1310	-30.0
1319	-10.0
1323	-22.0
1324	-30.0
1326	-28.0
1328	-28.0
1335	-20.0
1341	10.0
1354	28.0
1357	-30.0
1365	24.0
1377	54.0
1385	18.0
1391	10.0
1397	-24.0
1405	20.0
1407	-30.0
1411	4.0
1415	-26.0
1417	2.0
1425	58.0
1428	4.0
1434	-24.0
1438	-24.0
1440	-28.0
1443	-26.0
1452	-10.0
1456	6.0
1457	-30.0
1461	-24.0
1464	-56.0
1469	-14.0
1473	-26.0
1475	-28.0
1485	52.0
1491	14.0
1495	6.0
1498	-30.0
1501	-26.0
1503	-26.0
1513	64.0
1514	-30.0
1517	-22.0
1522	-16.0
1523	-30.0
1525	-90.0
1527	-26.0
1528	-30.0
1530	-26.0
1532	-26.0
1533	-30.0
1538	-28.0
1540	-28.0
1543	-22.0
1546	-24.0
1549	-58.0
1552	-24.0
1556	-24.0
1557	-30.0
1560	-26.0
1564	-18.0
1568	-30.0
1575	-28.0
1578	-30.0
1585	-14.0
1586	-30.0
1589	-18.0
1592	0
1595	-28.0
1598	-58.0
1603	-26.0
1607	2.0
1610	4.0
1611	-30.0
1620	-8.0
1621	-30.0
1623	-26.0
1628	6.0
1631	-26.0
1638	-24.0
1647	60.0
1648	-30.0
1654	10.0
1656	-26.0
1659	-22.0
1664	-18.0
1669	-22.0
1672	-30.0
1675	-30.0
1681	-20.0
1687	6.0
1690	4.0
1697	12.0
1699	-26.0
1700	-30.0
1701	-30.0
1712	14.0
1713	-30.0
1715	-28.0
1720	-18.0
1722	-26.0
1726	-18.0
1728	-28.0
1736	-6.0
1739	-26.0
1742	-22.0
1748	12.0
1750	-58.0
1754	-24.0
1760	8.0
1766	-50.0
1768	-26.0
1771	0
1772	-30.0
1777	-20.0
1788	50.0
1791	-24.0
1793	-26.0
1800	-36.0
1803	-24.0
1809	-18.0
1811	-26.0
1814	-26.0
1825	22.0
1827	-28.0
1836	-6.0
1839	-22.0
1847	-4.0
1857	-16.0
1860	-26.0
1865	12.0
1867	-28.0
1872	-24.0
1875	-26.0
1877	-28.0
1880	-30.0
1891	54.0
1893	-30.0
1900	10.0
1902	-26.0
1912	12.0
1922	58.0
1927	-24.0
1935	-18.0
1940	6.0
1944	-18.0
1948	6.0
1951	-26.0
1956	4.0
1959	-52.0
1961	-26.0
1966	-50.0
1971	-20.0
1974	-24.0
1980	10.0
1982	-26.0
1986	6.0
1989	-26.0
1991	-26.0
1993	-26.0
1996	-24.0
1999	-22.0
2002	-22.0
2004	-28.0
2007	-30.0
2014	-18.0
2019	4.0
2023	-20.0
2026	-24.0
2037	56.0
2040	-26.0
2042	-28.0
2045	-24.0
2050	-16.0
2055	-20.0
2057	-30.0
2060	-24.0
2073	22.0
2074	-30.0
2076	-26.0
2078	-28.0
2080	-26.0
2083	-22.0
2085	-24.0
2087	2.0
2089	-26.0
2093	0
2097	-28.0
2109	52.0
2115	16.0
2116	-30.0
2119	-22.0
2122	-24.0
2125	-26.0
2136	58.0
2139	-22.0
2142	6.0
2144	-26.0
2155	22.0
2161	-28.0
2167	-18.0
2176	58.0
2184	-12.0
2188	-22.0
2197	-8.0
2208	46.0
2215	-16.0
2223	-10.0
2235	14.0
2238	0
2240	-26.0
2244	0
2254	30.0
2258	-20.0
2260	-28.0
2261	-30.0
2267	-50.0
2272	0
2276	-28.0
2282	-44.0
2287	6.0
2291	-26.0
2294	-24.0
2301	-48.0
2306	-48.0
2310	-20.0
2314	-24.0
2317	-28.0
2321	-58.0
2323	-26.0
2331	10.0
2334	-54.0
2338	6.0
2340	2.0
2343	-22.0
2347	-18.0
2350	-26.0
2353	-24.0
2358	12.0
2362	-50.0
2367	-22.0
2370	-30.0
2379	14.0
2390	46.0
2393	-22.0
2395	-28.0
2401	10.0
2403	-26.0
2411	14.0
2417	-24.0
2421	-22.0
2424	-24.0
2426	2.0
2432	14.0
2434	-26.0
2444	54.0
2446	-26.0
2449	-58.0
2455	12.0
2458	-24.0
2460	-26.0
2471	56.0
2478	-16.0
2480	-24.0
2482	-26.0
2488	-26.0
2491	4.0
2494	-24.0
2500	10.0
2508	-12.0
2513	-16.0
2514	-30.0
2522	4.0
2523	-30.0
2526	-26.0
2535	-40.0
2538	-26.0
2540	-26.0
2544	-20.0
2550	-20.0
2553	-24.0
2558	10.0
2560	-26.0
2562	-28.0
2564	-26.0
2566	-28.0
2568	-26.0
2571	-28.0
2575	-30.0
2586	-16.0
2590	-22.0
2592	-28.0
2594	-28.0
2595	-30.0
2598	-30.0
2602	8.0
2604	-28.0
2612	-24.0
2616	-28.0
2619	6.0
2622	-26.0
2629	22.0
2631	-28.0
2636	-22.0
2639	6.0
2644	8.0
2650	12.0
2656	-20.0
2658	-28.0
2662	-26.0
2668	-20.0
2672	-26.0
2682	54.0
2683	-30.0
2685	-26.0
2689	-20.0
2701	14.0
2707	-26.0
2710	6.0
2716	16.0
2719	-24.0
2723	8.0
2725	-28.0
2731	10.0
2735	0
2737	-26.0
2745	-20.0
2748	-22.0
2749	-30.0
2752	-30.0
2756	-18.0
2759	-30.0
2762	-22.0
2769	2.0
2772	-24.0
2774	-28.0
2775	-30.0
2779	-28.0
2782	-26.0
2785	-26.0
2788	0
2792	-10.0
2794	-26.0
2796	-30.0
2801	-22.0
2803	-28.0
2804	-30.0
2806	-26.0
2816	-10.0
2818	-26.0
2828	18.0
2839	34.0
2841	-26.0
2843	-26.0
2844	-30.0
2852	18.0
2854	-26.0
2860	-22.0
2862	-30.0
2865	0
2875	54.0
2880	10.0
2885	-28.0
2891	-18.0
2895	-24.0
2901	8.0
2909	-20.0
2914	-44.0
2916	-58.0
2923	8.0
2928	0
2937	-6.0
2940	-26.0
2945	-14.0
2955	22.0
2957	-26.0
2961	6.0
2966	8.0
2970	2.0
2973	-24.0
2976	-22.0
2979	-28.0
2980	-30.0
2983	-22.0
2994	22.0
2996	-26.0
3007	18.0
3017	-18.0
3025	22.0
3032	4.0
3034	-28.0
3039	-28.0
3043	-28.0
3046	0
3048	-30.0
3051	-28.0
3058	-24.0
3062	8.0
3068	-52.0
3073	10.0
3074	-30.0
3075	-30.0
3082	20.0
3087	-26.0
3091	-30.0
3094	-30.0
3098	8.0
3106	30.0
3107	-30.0
3109	-26.0
3114	-16.0
3124	20.0
3127	-24.0
3135	-10.0
3136	-30.0
3143	8.0
3146	-24.0
3148	-30.0
3151	6.0
3153	-30.0
3155	-26.0
3160	-22.0
3161	-30.0
3163	-28.0
3165	4.0
3170	-22.0
3173	-28.0
3177	-30.0
3185	-18.0
3187	-28.0
3195	20.0
3197	-28.0
3204	-14.0
3209	4.0
3213	-26.0
3216	-22.0
3217	-30.0
3222	-20.0
3228	-20.0
3233	-26.0
3237	6.0
3239	-30.0
3241	-28.0
3246	10.0
3250	-54.0
3252	-28.0
3259	10.0
3261	-28.0
3264	-30.0
3273	14.0
3276	-28.0
3278	2.0
3281	-22.0
3289	10.0
3291	-26.0
3294	4.0
3298	6.0
3302	-18.0
3312	50.0
3316	-30.0
3322	-26.0
3328	6.0
3334	-28.0
3338	-24.0
3341	-30.0
3344	-24.0
3345	-30.0
3349	4.0
3352	-24.0
3354	-58.0
3357	6.0
3359	-26.0
3364	-22.0
3371	-22.0
3374	-24.0
3379	2.0
3386	12.0
3389	-28.0
3393	-30.0
3398	2.0
3399	-30.0
3401	-26.0
3412	20.0
3417	0
3422	-24.0
3425	-30.0
3433	12.0
3434	-30.0
3438	6.0
3445	-18.0
3455	54.0
3456	-30.0
3463	-26.0
3467	0
3470	-24.0
3474	-20.0
3477	-24.0
3486	62.0
3490	4.0
3492	-28.0
3496	-28.0
3502	12.0
3509	6.0
3514	-14.0
3516	-24.0
3525	52.0
3530	10.0
3535	-24.0
3539	6.0
3541	-30.0
3544	-28.0
3555	-14.0
3561	-20.0
3564	-30.0
3570	-22.0
3575	0
3579	-28.0
3590	24.0
3592	-28.0
3595	-28.0
3601	-24.0
3604	-26.0
3613	-12.0
3618	-22.0
3630	50.0
3635	-22.0
3638	-26.0
3642	-30.0
3651	-6.0
3657	-14.0
3662	2.0
3664	-26.0
3666	-28.0
3668	-26.0
3673	4.0
3676	-26.0
3682	4.0
3684	-26.0
3688	-24.0
3692	-20.0
3695	-22.0
3697	2.0
3699	-26.0
3703	-28.0
3709	10.0
3714	2.0
3718	-28.0
3727	-14.0
3732	-18.0
3737	-24.0
3739	-28.0
3741	-58.0
3746	-28.0
3748	-30.0
3752	-26.0
3759	6.0
3761	-28.0
3765	2.0
3776	-16.0
3778	-28.0
3785	2.0
3798	22.0
3801	-30.0
3804	-20.0
3813	16.0
3819	-52.0
3824	8.0
3827	4.0
3830	-24.0
3833	-24.0
3836	4.0
3845	54.0
3848	-26.0
3856	-14.0
3857	-30.0
3863	12.0
3868	-18.0
3872	-28.0
3879	8.0
3886	-22.0
3892	-24.0
3895	-30.0
3904	-18.0
3912	6.0
3916	4.0
3926	84.0
3930	-30.0
3932	-26.0
3937	-28.0
3943	-22.0
3951	-18.0
3961	52.0
3965	8.0
3972	-40.0
3982	-20.0
3985	-24.0
3991	-24.0
3996	-16.0
3998	-28.0
4001	48.0
4004	-28.0
4007	-24.0
4017	22.0
4019	-28.0
4022	-28.0
4024	-28.0
4029	4.0
4033	6.0
4036	-30.0
4038	-26.0
4040	-28.0
4046	-18.0
4051	4.0
4054	-30.0
4059	0
4062	-30.0
4070	-12.0
4074	-18.0
4080	-22.0
4088	-8.0
4091	-26.0
4101	-16.0
4104	-26.0
4106	-58.0
4111	-24.0
4122	-10.0
4130	-20.0
4134	-18.0
4138	0
4140	-28.0
4144	-20.0
4146	-26.0
4159	16.0
4170	-14.0
4178	10.0
4182	-26.0
4187	-28.0
4190	6.0
4196	10.0
4197	-30.0
4205	-18.0
4206	-30.0
4210	-20.0
4213	-22.0
4219	-20.0
4229	48.0
4237	12.0
4239	2.0
4240	-30.0
4251	44.0
4255	-18.0
4257	-28.0
4261	-16.0
4265	-16.0
4273	2.0
4277	-24.0
4280	8.0
4294	20.0
4298	-26.0
4303	-28.0
4311	12.0
4313	-26.0
4317	-28.0
4326	-10.0
4329	-20.0
4333	-28.0
4338	2.0
4341	-28.0
4355	42.0
4356	-30.0
4359	-26.0
4365	-24.0
4368	-30.0
4377	62.0
4380	-22.0
4385	-22.0
4389	-26.0
4402	42.0
4406	8.0
4410	4.0
4416	-18.0
4419	-24.0
4420	-30.0
4424	6.0
4433	62.0
4435	-28.0
4442	4.0
4446	-26.0
4449	-22.0
4453	-20.0
4460	-12.0
4467	-26.0
4474	8.0
4479	2.0
4481	-30.0
4483	-28.0
4495	50.0
4506	30.0
4515	-10.0
4526	48.0
4531	2.0
4534	-26.0
4537	2.0
4542	-18.0
4543	-30.0
4547	-30.0
4552	-24.0
4557	-24.0
4561	6.0
4562	-30.0
4565	-22.0
4568	-56.0
4570	-30.0
4573	-24.0
4579	-18.0
4588	58.0
4594	-22.0
4598	0
4599	-30.0
4610	26.0
4616	24.0
4619	-30.0
4621	-26.0
4624	-24.0
4628	-18.0
4631	-28.0
4636	-30.0
4645	-16.0
4647	-28.0
4654	12.0
4659	8.0
4661	-28.0
4675	40.0
4682	10.0
4684	-28.0
4688	0
4692	-22.0
4703	-12.0
4707	6.0
4708	-30.0
4715	12.0
4720	-26.0
4725	-22.0
4730	14.0
4737	-24.0
4742	-22.0
4751	64.0
4755	6.0
4757	-28.0
4769	54.0
4779	18.0
4783	-30.0
4784	-30.0
4786	-28.0
4792	-10.0
4797	-50.0
4802	-28.0
4804	-30.0
4808	-26.0
4812	-24.0
4814	-28.0
4816	-28.0
4818	-28.0
4820	-28.0
4823	-22.0
4828	-28.0
4830	-28.0
4833	-18.0
4840	-14.0
4841	-30.0
4849	-20.0
4854	-16.0
4856	-26.0
4858	-26.0
4865	10.0
4870	8.0
4872	-30.0
4876	-24.0
4879	-30.0
4883	4.0
4894	32.0
4902	-24.0
4904	-28.0
4915	-4.0
4920	-24.0
4923	-28.0
4932	48.0
4934	-30.0
4942	-8.0
4954	58.0
4966	56.0
4968	-28.0
4977	-18.0
4980	-28.0
4984	6.0
4989	-22.0
4993	-28.0
4997	0
5000	-28.0
5003	6.0
5008	2.0
5010	-30.0
5012	-30.0
5024	-10.0
5029	-24.0
5031	-28.0
5033	-28.0
5037	6.0
5042	-22.0
5046	0
5047	-30.0
5052	-28.0
5061	-12.0
5063	-30.0
5074	26.0
5080	-22.0
5087	4.0
5099	24.0
5107	12.0
5109	-28.0
5117	0.0
5122	-24.0
5123	-30.0
5124	-30.0
5125	-30.0
5129	-22.0
5134	-26.0
5141	-24.0
5147	-24.0
5152	-28.0
5154	-28.0
5161	-26.0
5166	-22.0
5171	-24.0
5184	48.0
5187	-30.0
5190	-30.0
5194	-28.0
5201	4.0
5208	8.0
5212	-26.0
5219	14.0
5224	-52.0
5229	-20.0
5232	-30.0
5243	26.0
5247	10.0
5251	8.0
5256	-24.0
5263	-26.0
5266	-26.0
5269	-30.0
5276	-56.0
5279	-30.0
5290	-10.0
5295	-14.0
5297	-30.0
5298	-30.0
5307	-14.0
5315	14.0
5324	-16.0
5327	-28.0
5337	58.0
5342	8.0
5354	18.0
5356	-28.0
5364	16.0
5370	-22.0
5372	-28.0
5384	46.0
5395	28.0
5403	14.0
5409	6.0
5417	-10.0
5423	-24.0
5430	12.0
5433	-26.0
5443	-22.0
5454	44.0
5459	-24.0
5470	26.0
5472	-28.0
5473	-30.0
5479	-22.0
5480	-30.0
5481	-30.0
5487	-28.0
5491	-20.0
5499	12.0
5503	-24.0
5507	6.0
5509	-28.0
5514	0
5517	-24.0
5530	52.0
5532	-30.0
5536	-28.0
5538	-26.0
5551	42.0
5562	60.0
5564	-28.0
5566	-30.0
5570	-26.0
5574	-28.0
5578	-26.0
5586	-18.0
5589	-28.0
5591	-28.0
5600	-20.0
5602	-28.0
5607	-22.0
5610	-30.0
5612	-58.0
5615	-30.0
5617	-26.0
5619	-30.0
5621	-28.0
5634	48.0
5638	-24.0
5644	-24.0
5652	-24.0
5658	-18.0
5659	-30.0
5662	-30.0
5663	-30.0
5667	-30.0
5676	-6.0
5686	24.0
5689	-22.0
5694	-22.0
5699	-22.0
5704	-24.0
5709	-24.0
5716	10.0
5722	-58.0
5727	-22.0
5731	4.0
5733	-28.0
5741	-18.0
5744	-30.0
5756	-10.0
5764	-12.0
5766	-28.0
5778	18.0
5786	-24.0
5788	-30.0
5790	-28.0
5800	-24.0
5804	6.0
5809	-22.0
5816	8.0
5819	-30.0
5823	6.0
5825	-28.0
5834	-10.0
5841	-44.0
5846	-28.0
5849	-30.0
5861	46.0
5864	-30.0
5872	-12.0
5874	-28.0
5882	-22.0
5885	-24.0
5887	-28.0
5899	48.0
5901	-28.0
5908	-2.0
5910	-28.0
5913	-26.0
5922	-40.0
5925	-60.0
5929	-24.0
5934	-24.0
5938	-28.0
5947	18.0
5954	10.0
5957	-24.0
5963	-26.0
5964	-30.0
5965	-30.0
5973	-48.0
5980	-18.0
5990	-10.0
5994	4.0
5996	-58.0
6001	-22.0
6009	-22.0
6019	-20.0
6021	-26.0
6026	0
6036	-16.0
6043	6.0
6054	12.0
6067	50.0
6068	-30.0
6075	-24.0
6078	-58.0
6081	-24.0
6083	-30.0
6087	-20.0
6088	-30.0
6100	48.0
6102	-28.0
6109	-12.0
6111	-28.0
6123	52.0
6129	-28.0
6133	-26.0
6135	-24.0
6143	-14.0
6147	6.0
6154	-20.0
6165	24.0
6169	-50.0
6176	-10.0
6182	-20.0
6186	-24.0
6187	-30.0
6189	-28.0
6192	-28.0
6202	-16.0
6204	-28.0
6208	6.0
6209	-30.0
6216	-26.0
6222	-20.0
6228	4.0
6230	-30.0
6244	10.0
6248	-26.0
6253	-18.0
6258	2.0
6267	-4.0
6282	10.0
6284	-26.0
6288	-30.0
6299	-8.0
6309	-10.0
6316	-16.0
6327	18.0
6329	-26.0
6335	-22.0
6339	-28.0
6342	-26.0
6348	-20.0
6354	-22.0
6366	-12.0
6376	54.0
6381	8.0
6389	-22.0
6393	4.0
6395	-28.0
6398	-26.0
6401	-28.0
6413	-16.0
6414	-30.0
6418	-24.0
6420	-26.0
6433	50.0
6436	-24.0
6440	6.0
6451	-10.0
6453	-26.0
6461	-12.0
6463	-28.0
6474	54.0
6486	18.0
6489	-28.0
6492	-26.0
6496	-28.0
6506	46.0
6514	-18.0
6516	-30.0
6523	2.0
6525	-26.0
6527	-30.0
6531	0
6533	-58.0
6543	-18.0
6547	8.0
6549	-26.0
6559	54.0
6564	-26.0
6572	12.0
6573	-30.0
6581	16.0
6585	0
6588	4.0
6589	-30.0
6598	18.0
6603	4.0
6609	-20.0
6613	-26.0
6614	-30.0
6617	-26.0
6619	-26.0
6627	-24.0
6631	-26.0
6634	-24.0
6638	8.0
6640	-28.0
6641	-30.0
6645	4.0
6653	-22.0
6659	12.0
6661	-26.0
6671	10.0
6677	12.0
6681	2.0
6686	8.0
6689	0
6690	-30.0
6692	-28.0
6695	-28.0
6701	10.0
6705	-30.0
6717	52.0
6723	-26.0
6727	6.0
6731	8.0
6733	-28.0
6738	-28.0
6748	10.0
6758	-4.0
6763	10.0
6772	60.0
6775	4.0
6782	16.0
6786	0
6787	-30.0
6789	-26.0
6792	-24.0
6795	-30.0
6798	-26.0
6803	-22.0
6814	52.0
6825	12.0
6829	-22.0
6832	-26.0
6841	54.0
6848	8.0
6850	-28.0
6859	-8.0
6860	-30.0
6865	2.0
6877	52.0
6882	-24.0
6888	-14.0
6892	-26.0
6898	-20.0
6900	-26.0
6905	-28.0
6906	-30.0
6909	-26.0
6916	4.0
6921	8.0
6925	0
6928	-26.0
6930	-26.0
6931	-30.0
6934	-24.0
6937	-28.0
6938	-30.0
6941	-26.0
6943	-26.0
6947	2.0
6953	14.0
6959	2.0
6961	-26.0
6965	-30.0
6969	-24.0
6975	-24.0
6985	12.0
6989	-20.0
6994	-20.0
7003	18.0
7004	-30.0
7006	-30.0
7009	-26.0
7012	-22.0
7016	-58.0
7019	-24.0
7026	-12.0
7029	-30.0
7035	-26.0
7042	-12.0
7044	-26.0
7046	-30.0
7053	-26.0
7056	-30.0
7061	-16.0
7065	-26.0
7078	46.0
7079	-30.0
7083	-30.0
7088	-28.0
7091	-28.0
7095	6.0
7096	-30.0
7103	-22.0
7111	-20.0
7118	10.0
7121	-26.0
7124	-30.0
7129	-24.0
7131	-30.0
7136	-46.0
7137	-30.0
7139	-26.0
7148	-52.0
7151	-24.0
7153	-26.0
7162	-24.0
7164	-28.0
7165	-30.0
7169	-28.0
7173	-24.0
7178	-28.0
7187	-24.0
7190	-26.0
7194	14.0
7201	-22.0
7213	-18.0
7219	-20.0
7224	10.0
7228	4.0
7234	-12.0
7236	-26.0
7241	-46.0
7245	4.0
7257	24.0
7262	-48.0
7275	46.0
7278	-28.0
7282	-24.0
7286	4.0
7289	-26.0
7298	-12.0
7308	54.0
7315	-16.0
7319	-28.0
7320	-30.0
7324	2.0
7328	-24.0
7333	2.0
7339	-22.0
7341	-28.0
7343	-26.0
7348	-20.0
7353	-22.0
7357	-26.0
7366	-20.0
7373	-44.0
7380	-52.0
7382	-26.0
7393	8.0
7396	-24.0
7398	-30.0
7401	-28.0
7406	8.0
7409	-30.0
7415	-18.0
7424	-22.0
7426	-26.0
7438	24.0
7448	-18.0
7452	-28.0
7455	-24.0
7458	-30.0
7462	6.0
7468	-28.0
7472	-26.0
7474	-30.0
7475	-30.0
7479	4.0
7480	-30.0
7492	30.0
7500	-18.0
7501	-30.0
7514	48.0
7515	-30.0
7520	-28.0
7524	6.0
7528	6.0
7535	12.0
7539	-22.0
7545	-24.0
7547	-28.0
7555	4.0
7558	-30.0
7561	-28.0
7568	6.0
7571	-28.0
7573	-28.0
7577	-24.0
7580	-28.0
7590	-10.0
7593	-30.0
7600	-46.0
7602	-26.0
7606	0
7617	-14.0
7624	16.0
7631	-22.0
7639	18.0
7647	6.0
7658	32.0
7662	8.0
7666	-26.0
7668	-30.0
7677	-8.0
7682	-22.0
7684	-26.0
7686	-58.0
7690	-28.0
7703	54.0
7715	20.0
7719	-16.0
7731	52.0
7735	6.0
7742	-8.0
7748	-22.0
7756	-16.0
7760	8.0
7763	-26.0
7775	20.0
7782	-26.0
7786	-20.0
7795	-22.0
7798	-22.0
7801	-28.0
7807	-18.0
7809	-28.0
7815	-24.0
7819	4.0
7826	10.0
7828	-28.0
7834	-24.0
7839	-20.0
7850	14.0
7852	-56.0
7854	-28.0
7858	0
7870	-14.0
7876	-54.0
7881	-28.0
7885	-30.0
7887	-28.0
7892	-30.0
7898	-26.0
7899	-30.0
7910	-12.0
7914	-26.0
7926	56.0
7929	-24.0
7935	-20.0
7943	14.0
7945	-28.0
7952	6.0
7956	6.0
7964	-4.0
7965	-30.0
7970	-48.0
7975	-22.0
7978	-30.0
7980	-28.0
7989	26.0
7996	10.0
8000	6.0
8005	-24.0
8017	50.0
8026	-14.0
8029	-26.0
8031	-28.0
8035	6.0
8042	-24.0
8048	-54.0
8054	-20.0
8057	-30.0
8063	-8.0
8065	-28.0
8070	0
8073	-26.0
8075	-28.0
8078	-30.0
8082	8.0
8093	28.0
8095	-28.0
8108	42.0
8110	-26.0
8118	6.0
8123	-22.0
8130	-16.0
8134	12.0
8139	0
8146	8.0
8149	-26.0
8151	-26.0
8160	16.0
8163	-24.0
8176	50.0
8184	-12.0
8185	-30.0
8198	-22.0
8208	22.0
8210	-28.0
8217	6.0
8220	-24.0
8229	-18.0
8243	44.0
8249	-14.0
8251	-30.0
8254	-58.0
8258	-26.0
8266	-14.0
8268	-28.0
8273	2.0
8282	8.0
8283	-30.0
8290	-16.0
8298	-14.0
8302	6.0
8304	-26.0
8310	-22.0
8315	-22.0
8317	-26.0
8325	-18.0
8326	-30.0
8329	-26.0
8331	-30.0
8335	-28.0
8338	2.0
8350	62.0
8353	-24.0
8356	-22.0
8366	-14.0
8378	-24.0
8389	60.0
8401	48.0
8404	-30.0
8417	18.0
8422	6.0
8433	20.0
8438	-22.0
8441	4.0
8448	6.0
8449	-30.0
8452	-30.0
8457	-48.0
8461	6.0
8466	-16.0
8475	-18.0
8484	4.0
8494	-20.0
8500	-26.0
8507	2.0
8511	6.0
8516	-20.0
8529	28.0
8542	26.0
8545	-30.0
8550	-22.0
8559	-18.0
8564	-24.0
8572	4.0
8577	-20.0
8583	-20.0
8586	-26.0
8588	-26.0
8590	-26.0
8593	-30.0
8597	-24.0
8605	18.0
8611	-24.0
8615	0
8627	50.0
8632	2.0
8635	-26.0
8637	-26.0
8645	-4.0
8654	14.0
8659	2.0
8669	24.0
8676	-28.0
8685	-20.0
8698	50.0
8701	-24.0
8713	48.0
8717	-24.0
8722	-28.0
8734	52.0
8735	-30.0
8742	12.0
8753	-18.0
8759	-2.0
8763	-24.0
8772	-22.0
8776	-54.0
8788	52.0
8795	12.0
8799	-28.0
8804	-28.0
8808	2.0
8813	-26.0
8818	2.0
8824	-16.0
8829	2.0
8831	-28.0
8836	-28.0
8841	-28.0
8845	-24.0
8850	2.0
8852	-28.0
8858	-24.0
8862	6.0
8864	-28.0
8868	0
8879	54.0
8885	-22.0
8889	6.0
8890	-30.0
8896	-26.0
8898	-28.0
8906	2.0
8908	-30.0
8921	44.0
8928	-24.0
8929	-30.0
8943	38.0
8950	-28.0
8960	-16.0
8967	-24.0
8974	10.0
8977	-30.0
8980	-30.0
8986	-22.0
8994	12.0
9005	-8.0
9007	-58.0
9009	-28.0
9018	-14.0
9022	-16.0
9024	-28.0
9027	-30.0
9038	-14.0
9042	6.0
9045	-30.0
9046	-30.0
9049	-30.0
9050	-30.0
9055	-30.0
9059	6.0
9066	-28.0
9076	24.0
9084	-16.0
9086	-28.0
9091	6.0
9096	-24.0
9098	-26.0
9100	2.0
9101	-30.0
9109	-18.0
9113	4.0
9120	-24.0
9128	8.0
9136	4.0
9141	-26.0
9147	-56.0
9159	56.0
9172	56.0
9178	-26.0
9185	-28.0
9194	8.0
9196	-26.0
9200	2.0
9203	-28.0
9207	-30.0
9215	4.0
9221	-26.0
9224	-30.0
9226	-26.0
9234	-18.0
9239	8.0
9247	-22.0
9251	8.0
9254	-26.0
9259	-20.0
9261	-28.0
9267	-26.0
9270	-30.0
9276	-18.0
9279	-28.0
9282	-26.0
9288	-22.0
9298	-18.0
9301	-30.0
9306	-28.0
9309	-30.0
9314	0
9322	-16.0
9335	56.0
9339	0
9340	-30.0
9347	-24.0
9352	10.0
9353	-30.0
9355	-30.0
9366	10.0
9369	-58.0
9371	-26.0
9384	50.0
9397	56.0
9403	14.0
9414	-14.0
9423	-10.0
9432	-20.0
9444	10.0
9457	48.0
9459	-26.0
9465	-28.0
9472	8.0
9474	-28.0
9480	-46.0
9482	-28.0
9484	-30.0
9488	-26.0
9491	-24.0
9504	42.0
9514	-22.0
9520	-24.0
9522	-26.0
9529	6.0
9539	-38.0
9541	-30.0
9548	-16.0
9550	-30.0
9558	6.0
9565	-10.0
9569	-30.0
9580	-22.0
9581	-30.0
9594	-20.0
9601	-18.0
9610	-18.0
9615	-16.0
9626	24.0
9635	-12.0
9638	-28.0
9644	-24.0
9653	-22.0
9656	-30.0
9669	42.0
9671	-28.0
9675	8.0
9679	0
9683	8.0
9695	46.0
9703	2.0
9710	-22.0
9717	6.0
9727	-8.0
9729	-28.0
9734	-20.0
9740	-22.0
9746	-22.0
9752	4.0
9756	-56.0
9763	10.0
9767	6.0
9768	-30.0
9773	-18.0
9776	2.0
9788	56.0
9790	-26.0
9796	-20.0
9807	-12.0
9819	20.0
9823	-22.0
9824	-30.0
9827	-28.0
9833	-18.0
9840	-28.0
9845	-30.0
9849	-24.0
9852	-28.0
9858	-26.0
9871	12.0
9876	2.0
9882	-24.0
9888	-20.0
9892	0
9899	-14.0
9911	44.0
9916	-24.0
9919	8.0
9923	-28.0
9927	6.0
9933	-20.0
9936	-30.0
9941	2.0
9946	2.0
9948	-28.0
9950	-26.0
9962	46.0
9969	8.0
9974	-28.0
9981	2.0
9989	-18.0
9998	10.0
10002	-58.0
10005	-30.0
10009	4.0
10011	-26.0
10012	-30.0
10014	-28.0
10019	2.0
10021	-28.0
10031	-10.0
10040	-16.0
10043	-24.0
10046	-28.0
10054	6.0
10058	-22.0
10061	-30.0
10066	2.0
10073	8.0
10077	-26.0
10088	10.0
10093	2.0
10104	8.0
10112	14.0
10116	-28.0
10119	-28.0
10132	-24.0
10139	-28.0
10149	-14.0
10154	6.0
10159	2.0
10172	10.0
10175	-26.0
10177	-28.0
10188	14.0
10190	-26.0
10197	6.0
10201	8.0
10214	-20.0
10218	6.0
10227	-12.0
10234	-18.0
10241	-56.0
10249	16.0
10253	4.0
10257	-28.0
10262	0
10264	-28.0
10269	0
10271	-28.0
10279	-16.0
10281	-26.0
10285	6.0
10293	16.0
10302	-26.0
10307	0
10308	-30.0
10320	56.0
10330	-42.0
10332	-28.0
10344	52.0
10347	-30.0
10348	-30.0
10360	60.0
10368	14.0
10380	14.0
10387	-14.0
10393	-22.0
10401	-14.0
10406	-24.0
10408	-30.0
10418	56.0
10421	8.0
10426	-20.0
10430	0
10435	2.0
10437	-28.0
10442	-26.0
10447	0
10460	50.0
10467	6.0
10469	-26.0
10473	0
10476	-58.0
10480	4.0
10482	-28.0
10489	-24.0
10490	-30.0
10494	-26.0
10502	-20.0
10504	-28.0
10509	-22.0
10510	-30.0
10512	-26.0
10520	4.0
10525	10.0
10528	-30.0
10530	-28.0
10532	-30.0
10537	-28.0
10544	-26.0
10553	-8.0
10555	-28.0
10567	50.0
10574	-22.0
10579	-24.0
10583	-24.0
10596	16.0
10603	4.0
10607	-20.0
10609	-28.0
10619	-10.0
10628	-16.0
10641	50.0
10644	-30.0
10651	10.0
10656	-22.0
10661	-54.0
10667	-20.0
10674	8.0
10680	-50.0
10691	54.0
10693	-28.0
10699	-20.0
10701	-26.0
10705	-20.0
10708	-30.0
10715	12.0
10722	-14.0
10725	-30.0
10727	-26.0
10741	38.0
10752	60.0
10755	-24.0
10759	-26.0
10772	42.0
10775	-30.0
10787	-12.0
10799	50.0
10804	-28.0
10806	-28.0
10808	-28.0
10813	6.0
10818	-28.0
10826	-8.0
10831	-20.0
10838	-24.0
10839	-30.0
10845	14.0
10858	50.0
10860	-26.0
10867	8.0
10872	6.0
10876	6.0
10880	4.0
10882	-28.0
10895	48.0
10900	-24.0
10908	-22.0
10915	14.0
10921	-26.0
10923	-26.0
10926	-30.0
10934	-16.0
10936	-28.0
10938	-26.0
10940	-58.0
10942	-28.0
10947	-24.0
10949	-28.0
10956	-20.0
10961	-28.0
10970	-18.0
10975	8.0
10979	4.0
10984	-26.0
10988	0
10991	-30.0
10993	-28.0
10998	-28.0
11002	6.0
11006	-26.0
11011	-28.0
11018	8.0
11024	-26.0
11030	-20.0
11037	-20.0
11050	50.0
11058	10.0
11061	-28.0
11067	-18.0
11072	0
11083	-24.0
11088	2.0
11093	-26.0
11095	-28.0
11104	-16.0
11114	22.0
11121	-20.0
11126	-22.0
11137	-14.0
11144	10.0
11155	44.0
11160	0
11162	2.0
11168	-18.0
11176	-20.0
11179	-28.0
11184	-20.0
11195	50.0
11199	-28.0
11202	-30.0
11209	-20.0
11218	6.0
11223	2.0
11234	20.0
11236	-58.0
11243	-18.0
11247	-24.0
11253	-22.0
11254	-30.0
11262	-22.0
11265	-30.0
11271	-18.0
11278	2.0
11281	-26.0
11292	-22.0
11300	-20.0
11306	-14.0
11319	52.0
11326	-54.0
11328	-30.0
11333	2.0
11346	56.0
11349	-30.0
11361	52.0
11363	-58.0
11376	52.0
11388	48.0
11391	-30.0
11396	8.0
11398	-26.0
11408	16.0
11421	-16.0
11429	10.0
11433	-28.0
11446	16.0
11448	-30.0
11452	-20.0
11463	56.0
11467	8.0
11471	-28.0
11475	-30.0
11476	-30.0
11481	2.0
11486	-22.0
11493	10.0
11496	-30.0
11500	-30.0
11505	-20.0
11519	44.0
11524	0
11529	-28.0
11534	-26.0
11543	-10.0
11545	-28.0
11549	-28.0
11551	-26.0
11557	-20.0
11569	8.0
11572	-30.0
11583	-12.0
11590	10.0
11599	-16.0
11610	22.0
11623	58.0
11626	-60.0
11630	-24.0
11632	-28.0
11635	-30.0
11640	6.0
11642	-26.0
11650	-22.0
11652	-26.0
11663	28.0
11667	8.0
11669	-28.0
11674	0
11680	-20.0
11685	-28.0
11695	54.0
11698	-30.0
11702	8.0
11710	-20.0
11712	-28.0
11717	0
11724	-16.0
11733	-22.0
11738	-28.0
11740	-26.0
11748	-24.0
11750	-26.0
11752	-26.0
11764	-12.0
11768	-18.0
11781	18.0
11790	-22.0
11794	6.0
11798	6.0
11800	-26.0
11805	8.0
11810	2.0
11816	-20.0
11817	-30.0
11820	-28.0
11823	-22.0
11829	-24.0
11839	-44.0
11841	-28.0
11847	-14.0
11859	-10.0
11866	8.0
11874	-12.0
11878	-18.0
11884	-24.0
11888	2.0
11892	6.0
11895	-58.0
11899	-56.0
11904	-24.0
11905	-30.0
11911	-22.0
11913	-28.0
11918	-24.0
11923	-24.0
11925	-28.0
11927	-28.0
11931	12.0
11938	10.0
11940	-28.0
11951	50.0
11962	58.0
11968	-22.0
11972	-26.0
11985	14.0
11990	2.0
11997	-28.0
11999	-28.0
12001	-18.0
12006	2.0
12010	2.0
12019	-10.0
12021	-26.0
12032	18.0
12040	-12.0
12042	-26.0
12054	54.0
12062	2.0
12069	-18.0
12074	0
12081	-24.0
12089	-14.0
12102	48.0
12107	-28.0
12111	4.0
12116	-28.0
12121	-26.0
12127	-24.0
12140	12.0
12144	6.0
12155	-2.0
12164	-18.0
12176	44.0
12179	-24.0
12189	14.0
12193	6.0
12203	-26.0
12212	-24.0
12219	-22.0
12228	-10.0
12235	8.0
12247	44.0
12249	-28.0
12254	4.0
12260	-24.0
12275	12.0
12279	-24.0
12285	-28.0
12296	48.0
12299	-30.0
12308	-26.0
12313	0
12322	-22.0
12325	-28.0
12329	-30.0
12338	-24.0
12343	8.0
12345	-28.0
12357	-20.0
12366	-22.0
12369	-30.0
12372	-30.0
12380	12.0
12388	8.0
12402	36.0
12415	46.0
12426	-8.0
12437	-16.0
12440	-28.0
12445	-22.0
12447	-30.0
12460	48.0
12465	-28.0
12470	-28.0
12475	-18.0
12489	46.0
12494	-26.0
12507	48.0
12522	8.0
12528	-20.0
12536	-20.0
12541	-24.0
12544	-26.0
12555	18.0
12561	-18.0
12572	54.0
12575	-30.0
12577	-26.0
12582	-28.0
12592	20.0
12597	-28.0
12600	-30.0
12613	52.0
12626	50.0
12631	-24.0
12633	-28.0
12637	-28.0
12640	-26.0
12645	2.0
12652	-46.0
12664	52.0
12668	-24.0
12673	0
12676	-30.0
12684	6.0
12695	6.0
12701	-26.0
12707	-28.0
12712	6.0
12726	38.0
12733	10.0
12740	8.0
12745	-28.0
12751	-56.0
12760	-18.0
12764	-30.0
12776	46.0
12783	12.0
12785	-28.0
12792	-24.0
12796	-20.0
12800	6.0
12806	-56.0
12808	-28.0
12817	-14.0
12820	-54.0
12825	-24.0
12829	6.0
12836	8.0
12839	-30.0
12843	4.0
12847	-30.0
12852	2.0
12857	-28.0
12861	6.0
12875	16.0
12886	-26.0
12892	-22.0
12896	6.0
12901	2.0
12909	6.0
12913	8.0
12918	10.0
12926	12.0
12931	2.0
12938	-28.0
12943	2.0
12948	-30.0
12957	-26.0
12964	8.0
12977	54.0
12979	-26.0
12982	-26.0
12987	-20.0
13000	-18.0
13004	-30.0
13011	-14.0
13016	2.0
13028	58.0
13032	-26.0
13037	-22.0
13039	-30.0
13046	6.0
13050	6.0
13055	2.0
13062	-16.0
13075	42.0
13078	-24.0
13082	-16.0
13086	8.0
13093	-20.0
13106	58.0
13108	-26.0
13121	46.0
13125	0
13127	-30.0
13130	-30.0
13138	14.0
13145	10.0
13158	16.0
13172	42.0
13178	-20.0
13182	8.0
13187	-28.0
13202	14.0
13204	-28.0
13209	-28.0
13212	-30.0
13215	-30.0
13218	-26.0
13227	-22.0
13232	2.0
13241	-40.0
13243	-28.0
13248	-30.0
13251	0
13264	54.0
13268	-24.0
13276	-18.0
13285	20.0
13290	-28.0
13297	10.0
13301	6.0
13306	2.0
13309	-30.0
13313	-26.0
13317	-20.0
13325	4.0
13329	-30.0
13342	60.0
13345	-30.0
13352	10.0
13358	-20.0
13369	6.0
13382	50.0
13387	0
13390	-28.0
13401	-10.0
13404	-30.0
13409	2.0
13414	-20.0
13428	42.0
13437	-26.0
13439	-26.0
13450	26.0
13454	4.0
13458	-26.0
13463	-22.0
13471	4.0
13475	-28.0
13480	-20.0
13482	-28.0
13496	42.0
13510	10.0
13522	10.0
13525	-26.0
13529	-26.0
13534	-28.0
13537	-30.0
13548	16.0
13554	-16.0
13559	-28.0
13572	44.0
13575	2.0
13582	10.0
13592	-22.0
13594	-30.0
13601	10.0
13605	-30.0
13610	-24.0
13612	-28.0
13625	52.0
13636	50.0
13640	-30.0
13648	-18.0
13652	-30.0
13657	-28.0
13658	-30.0
13660	-30.0
13663	-28.0
13668	-28.0
13680	44.0
13682	-28.0
13691	-14.0
13704	14.0
13708	-24.0
13713	-18.0
13716	-30.0
13718	-30.0
13728	-14.0
13739	6.0
13743	6.0
13755	56.0
13768	-20.0
13776	10.0
13789	48.0
13797	-18.0
13808	-18.0
13809	-30.0
13815	-28.0
13816	-30.0
13826	-14.0
13835	-18.0
13836	-30.0
13839	-30.0
13842	-30.0
13846	-26.0
13848	-26.0
13856	-12.0
13858	-28.0
13861	-26.0
13865	-24.0
13870	-24.0
13875	-58.0
13876	-30.0
13881	-24.0
13891	6.0
13896	-28.0
13899	0
13902	-30.0
13909	-22.0
13913	8.0
13916	-30.0
13918	-26.0
13923	0
13930	-18.0
13937	-18.0
13950	12.0
13954	8.0
13963	-24.0
13968	6.0
13971	-30.0
13973	-28.0
13980	4.0
13983	4.0
13987	-22.0
13993	-24.0
13996	6.0
14001	0
14005	-30.0
14011	-14.0
14023	48.0
14028	-20.0
14029	-30.0
14037	-44.0
14040	-30.0
14049	-18.0
14055	-24.0
14061	8.0
14067	-18.0
14078	2.0
14089	6.0
14097	10.0
14099	-28.0
14106	-26.0
14109	-22.0
14116	-26.0
14119	0
14130	26.0
14139	-16.0
14144	-28.0
14150	-28.0
14156	-28.0
14161	6.0
14166	0
14175	-16.0
14176	-30.0
14184	-24.0
14189	2.0
14194	-20.0
14199	-28.0
14204	0
14211	-20.0
14219	-24.0
14232	48.0
14240	-26.0
14243	-26.0
14254	-22.0
14263	-24.0
14271	-16.0
14277	-20.0
14281	-26.0
14285	-28.0
14290	0
14293	-28.0
14296	-28.0
14304	-10.0
14313	-12.0
14322	-56.0
14326	-30.0
14331	0
14335	-28.0
14348	46.0
14351	-26.0
14363	-20.0
14366	-54.0
14374	10.0
14387	52.0
14391	6.0
14396	-22.0
14401	2.0
14403	-28.0
14405	-26.0
14412	-22.0
14423	18.0
14425	4.0
14435	54.0
14444	-10.0
14452	16.0
14463	6.0
14465	-28.0
14470	-20.0
14482	52.0
14492	54.0
14507	10.0
14512	-24.0
14517	0
14522	-28.0
14535	56.0
14548	16.0
14557	6.0
14561	-26.0
14564	-30.0
14568	-26.0
14573	-20.0
14575	-28.0
14586	46.0
14587	-30.0
14592	-20.0
14595	-30.0
14597	2.0
14602	2.0
14610	6.0
14614	10.0
14617	-30.0
14624	-22.0
14627	-22.0
14634	-24.0
14645	-12.0
14649	-22.0
14653	-24.0
14663	6.0
14667	-28.0
14670	-22.0
14685	12.0
14687	-26.0
14697	8.0
14701	0
14706	2.0
14708	-26.0
14712	-26.0
14714	-28.0
14716	-26.0
14728	56.0
14740	48.0
14745	-30.0
14752	-24.0
14757	-26.0
14760	-30.0
14764	-26.0
14767	-26.0
14777	-24.0
14781	-26.0
14789	12.0
14797	-14.0
14801	4.0
14804	-30.0
14806	-30.0
14812	-26.0
14823	18.0
14832	-22.0
14835	-30.0
14847	56.0
14853	-20.0
14866	50.0
14879	26.0
14891	-20.0
14898	-26.0
14905	12.0
14908	-22.0
14919	6.0
14921	-26.0
14925	0
14932	10.0
14936	2.0
14939	-58.0
14944	-16.0
14947	-30.0
14950	-30.0
14955	-58.0
14958	-22.0
14962	8.0
14969	12.0
14976	10.0
14979	-30.0
14984	-28.0
14997	54.0
14999	-28.0
15004	2.0
15017	-20.0
15020	-30.0
15023	-30.0
15036	14.0
15045	-26.0
15049	4.0
15058	-22.0
15064	-20.0
15069	-24.0
15072	-30.0
15084	44.0
15088	6.0
15096	-18.0
15100	4.0
15103	-22.0
15108	2.0
15110	-28.0
15112	-28.0
15115	-30.0
15128	50.0
15133	-18.0
15144	50.0
15159	10.0
15165	-22.0
15167	-30.0
15174	-24.0
15187	48.0
15193	-18.0
15198	-20.0
15207	-22.0
15212	-26.0
15220	-26.0
15223	-30.0
15228	-22.0
15240	54.0
15246	-28.0
15251	-24.0
15264	-20.0
15275	6.0
15277	-28.0
15282	-28.0
15292	-24.0
15294	-28.0
15301	10.0
15303	-26.0
15309	-26.0
15313	-26.0
15317	6.0
15332	10.0
15334	-28.0
15349	10.0
15357	-24.0
15364	8.0
15370	-14.0
15383	24.0
15388	8.0
15391	-30.0
15394	-30.0
15397	-30.0
15401	-30.0
15403	-28.0
15409	-22.0
15417	-22.0
15420	-30.0
15429	-8.0
15442	50.0
15455	-22.0
15460	-22.0
15466	8.0
15468	-28.0
15482	40.0
15490	-26.0
15495	2.0
15510	10.0
15523	52.0
15531	-16.0
15537	-26.0
15544	-22.0
15558	20.0
15560	-26.0
15564	0
15577	42.0
15592	12.0
15600	-12.0
15613	16.0
15618	-24.0
15619	-30.0
15622	-26.0
15633	-6.0
15634	-30.0
15640	-24.0
15645	10.0
15649	8.0
15652	-28.0
15656	6.0
15659	-30.0
15662	-28.0
15669	16.0
15674	2.0
15677	-30.0
15680	-30.0
15686	-20.0
15693	-24.0
15700	-20.0
15706	-50.0
15710	-26.0
15715	-24.0
15727	-12.0
15734	-20.0
15739	-18.0
15741	-26.0
15742	-30.0
15753	16.0
15764	-14.0
15769	-24.0
15773	-26.0
15782	-26.0
15789	-24.0
15791	-28.0
15798	-24.0
15807	-10.0
15821	18.0
15826	6.0
15828	-28.0
15834	-26.0
15837	-28.0
15850	50.0
15852	-26.0
15861	18.0
15865	-28.0
15871	-24.0
15885	14.0
15888	-30.0
15891	-30.0
15905	14.0
15914	18.0
15916	-30.0
15918	-26.0
15923	2.0
15926	-30.0
15928	-30.0
15943	12.0
15951	10.0
15956	8.0
15961	-24.0
15966	-24.0
15968	-28.0
15978	-14.0
15983	2.0
15990	-16.0
15997	-26.0
16001	64.0
16009	2.0
16022	18.0
16023	-30.0
16034	14.0
16040	-26.0
16044	4.0
16046	-30.0
16054	8.0
16062	4.0
16064	-26.0
16076	-12.0
16078	-28.0
16090	-8.0
16092	-26.0
16098	-28.0
16104	-22.0
16111	-26.0
16113	-26.0
16126	44.0
16139	44.0
16143	-24.0
16146	-30.0
16159	16.0
16165	-26.0
16170	0
16172	-26.0
16174	-28.0
16176	-28.0
16179	-30.0
16191	16.0
16193	-28.0
16196	-30.0
16210	44.0
16221	16.0
16223	-26.0
16236	52.0
16248	-14.0
16252	-26.0
16265	48.0
16271	-28.0
16275	-28.0
16289	22.0
16298	-16.0
16302	-24.0
16315	50.0
16320	6.0
16331	56.0
16345	18.0
16358	52.0
16362	2.0
16365	-28.0
16370	0
16378	-18.0
16384	-26.0
16391	8.0
16398	-26.0
16400	-26.0
16403	-30.0
16411	2.0
16416	-28.0
16422	-20.0
16435	-22.0
16440	-16.0
16448	14.0
16451	-30.0
16456	-26.0
16459	-30.0
16464	-28.0
16469	2.0
16472	-30.0
16485	20.0
16486	-30.0
16491	-26.0
16495	0
16507	50.0
16508	-30.0
16519	-20.0
16522	-30.0
16527	-24.0
16529	-28.0
16539	14.0
16553	20.0
16558	-26.0
16570	4.0
16573	-28.0
16581	-24.0
16594	44.0
16599	0
16604	-28.0
16606	-26.0
16610	8.0
16611	-30.0
16615	-30.0
16619	6.0
16622	-30.0
16626	-24.0
16631	-28.0
16633	-28.0
16638	-28.0
16651	-22.0
16653	-30.0
16658	-24.0
16667	-56.0
16678	22.0
16683	-24.0
16694	14.0
16698	6.0
16700	-28.0
16701	-30.0
16707	-28.0
16713	-26.0
16715	-28.0
16721	-26.0
16724	-30.0
16734	-12.0
16745	54.0
16747	-26.0
16760	18.0
16773	46.0
16781	4.0
16790	18.0
16793	-26.0
16801	6.0
16806	2.0
16811	0
16814	-30.0
16827	22.0
16830	-22.0
16841	-10.0
16852	12.0
16860	-16.0
16865	-28.0
16870	-20.0
16877	-20.0
16881	-30.0
16884	-30.0
16889	-22.0
16894	-28.0
16900	-22.0
16902	-26.0
16903	-30.0
16906	-30.0
16915	-6.0
16921	-20.0
16932	-12.0
16938	-22.0
16946	-22.0
16948	-26.0
16959	14.0
16966	-22.0
16972	-20.0
16976	-18.0
16982	-20.0
16985	-30.0
16997	50.0
17002	2.0
17014	-14.0
17017	-30.0
17026	-26.0
17029	-30.0
17039	14.0
17041	-26.0
17043	-26.0
17046	-22.0
17058	-18.0
17072	40.0
17074	-28.0
17086	-14.0
17093	2.0
17094	-30.0
17101	12.0
17114	52.0
17124	-22.0
17136	-14.0
17138	-26.0
17144	-26.0
17159	10.0
17170	20.0
17180	-6.0
17186	-56.0
17193	-24.0
17198	-28.0
17207	-52.0
17212	-22.0
17224	-16.0
17232	6.0
17237	2.0
17242	2.0
17244	-58.0
17251	12.0
17256	-24.0
17259	-28.0
17262	-30.0
17266	-56.0
17269	-28.0
17274	-22.0
17278	6.0
17286	-16.0
17290	-26.0
17301	16.0
17313	50.0
17318	-28.0
17330	44.0
17334	-20.0
17343	-14.0
17348	-24.0
17354	-18.0
17357	-30.0
17364	4.0
17370	-26.0
17372	-28.0
17375	-30.0
17379	6.0
17392	56.0
17405	58.0
17410	-46.0
17417	-26.0
17419	-28.0
17423	-26.0
17428	-20.0
17436	16.0
17443	8.0
17449	-20.0
17456	10.0
17459	2.0
17463	-26.0
17474	-20.0
17476	-26.0
17482	-24.0
17495	46.0
17501	-26.0
17503	-28.0
17507	-18.0
17513	-46.0
17516	-30.0
17522	-22.0
17524	-28.0
17526	-28.0
17532	-8.0
17539	8.0
17545	-56.0
17552	20.0
17559	4.0
17566	-26.0
17568	-30.0
17572	0
17580	12.0
17584	0
17589	-28.0
17591	-28.0
17594	-30.0
17598	-30.0
17602	-58.0
17605	-30.0
17607	-28.0
17610	-26.0
17619	-24.0
17622	-30.0
17630	10.0
17642	54.0
17656	42.0
17664	-16.0
17671	12.0
17677	-22.0
17678	-30.0
17682	-30.0
17690	-12.0
17695	12.0
17708	22.0
17715	-20.0
17720	10.0
17722	-28.0
17724	-26.0
17730	-22.0
17744	42.0
17756	44.0
17760	6.0
17774	42.0
17788	12.0
17802	42.0
17807	-20.0
17820	14.0
17827	-26.0
17832	-20.0
17837	-16.0
17846	14.0
17858	12.0
17870	50.0
17872	-26.0
17878	-20.0
17882	-30.0
17889	8.0
17893	6.0
17897	-30.0
17903	-20.0
17914	-22.0
17916	-26.0
17924	-20.0
17936	-8.0
17941	0
17955	42.0
17965	-22.0
17968	-30.0
17980	-22.0
17985	-22.0
17997	-18.0
18009	18.0
18012	-30.0
18013	-30.0
18014	-30.0
18019	-16.0
18021	-30.0
18029	12.0
18034	2.0
18041	-26.0
18048	-22.0
18062	42.0
18072	-12.0
18077	-28.0
18085	4.0
18094	-50.0
18106	18.0
18112	-16.0
18126	42.0
18129	4.0
18141	-12.0
18145	-30.0
18150	-24.0
18155	6.0
18158	-30.0
18162	-18.0
18165	-26.0
18167	-26.0
18181	42.0
18185	-30.0
18188	-30.0
18192	4.0
18193	-30.0
18198	-30.0
18207	-22.0
18220	52.0
18223	-30.0
18225	-26.0
18235	-20.0
18248	44.0
18263	10.0
18267	-22.0
18274	-26.0
18275	-30.0
18285	-12.0
18289	2.0
18298	-12.0
18305	10.0
18308	-26.0
18312	-28.0
18318	-18.0
18323	10.0
18331	2.0
18335	-28.0
18341	-26.0
18355	12.0
18359	-26.0
18361	-28.0
18365	0
18367	-28.0
18379	20.0
18392	20.0
18394	-30.0
18397	-26.0
18402	-18.0
18407	2.0
18410	-26.0
18415	-24.0
18426	-22.0
18435	-24.0
18439	-30.0
18448	-50.0
18452	-26.0
18464	48.0
18478	46.0
18483	2.0
18489	14.0
18492	-26.0
18496	-30.0
18508	48.0
18511	-30.0
18515	-24.0
18519	8.0
18522	-24.0
18528	2.0
18536	-20.0
18545	-20.0
18553	10.0
18557	-28.0
18566	14.0
18568	-26.0
18580	14.0
18587	-18.0
18589	-28.0
18603	42.0
18607	-30.0
18615	-10.0
18621	-24.0
18624	-30.0
18632	4.0
18637	-28.0
18649	46.0
18660	-22.0
18666	-18.0
18671	2.0
18686	44.0
18694	-24.0
18697	-28.0
18709	4.0
18711	-28.0
18718	8.0
18721	-24.0
18731	-18.0
18740	-24.0
18742	-30.0
18751	12.0
18753	-28.0
18761	-24.0
18769	10.0
18771	-28.0
18773	-28.0
18777	4.0
18782	2.0
18793	56.0
18802	8.0
18804	-28.0
18814	-22.0
18820	-20.0
18831	56.0
18840	12.0
18846	-16.0
18853	4.0
18859	-18.0
18865	-28.0
18878	16.0
18890	20.0
18896	-24.0
18900	0
18903	-26.0
18908	2.0
18910	-26.0
18921	-10.0
18932	16.0
18942	-18.0
18954	24.0
18958	-26.0
18960	-26.0
18972	-22.0
18974	-28.0
18978	-30.0
18991	46.0
18994	-30.0
18999	-28.0
19004	-24.0
19007	-26.0
19011	-28.0
19014	-26.0
19028	38.0
19034	4.0
19036	-30.0
19049	18.0
19051	-58.0
19056	2.0
19064	-20.0
19069	-24.0
19080	-20.0
19088	8.0
19096	-14.0
19103	-26.0
19105	-26.0
19115	56.0
19118	-30.0
19124	-20.0
19137	14.0
19140	-30.0
19149	6.0
19154	-56.0
19159	0
19162	-30.0
19172	-12.0
19177	6.0
19184	-6.0
19189	-28.0
19197	-24.0
19204	-18.0
19211	-10.0
19214	-24.0
19216	-28.0
19221	-24.0
19223	-30.0
19228	0
19239	-24.0
19242	-30.0
19244	-26.0
19252	10.0
19257	-28.0
19262	-28.0
19267	-22.0
19279	-10.0
19284	-28.0
19297	54.0
19310	20.0
19314	-24.0
19317	-26.0
19330	-20.0
19338	-16.0
19340	-26.0
19344	6.0
19348	2.0
19352	0
19359	4.0
19361	-28.0
19372	-22.0
19382	-14.0
19386	0
19389	-24.0
19391	-26.0
19393	-28.0
19396	-30.0
19399	-28.0
19406	-26.0
19413	10.0
19416	-30.0
19418	-28.0
19420	-26.0
19429	14.0
19432	-24.0
19436	-26.0
19448	16.0
19461	50.0
19475	42.0
19483	2.0
19496	42.0
19500	0
19505	2.0
19518	50.0
19524	8.0
19529	2.0
19536	-20.0
19541	-28.0
19543	-30.0
19547	-30.0
19554	4.0
19567	52.0
19579	56.0
19584	-24.0
19597	56.0
19599	-30.0
19612	54.0
19619	-26.0
19626	-22.0
19636	-18.0
19649	12.0
19655	-22.0
19657	-28.0
19668	20.0
19679	16.0
19686	2.0
19693	-26.0
19706	18.0
19715	-28.0
19721	-14.0
19724	-30.0
19725	-30.0
19734	-16.0
19739	-26.0
19748	-26.0
19754	-26.0
19766	-12.0
19771	8.0
19774	-30.0
19776	-28.0
19788	14.0
19793	0
19798	-24.0
19802	2.0
19813	16.0
19815	-28.0
19825	-20.0
19829	-56.0
19837	-18.0
19841	0
19855	14.0
19858	-30.0
19861	-28.0
19863	-28.0
19876	14.0
19879	0
19887	-22.0
19890	-30.0
19893	-30.0
19906	16.0
19912	-20.0
19915	-22.0
19925	6.0
19931	-18.0
19935	-30.0
19943	-20.0
19946	-28.0
19953	-14.0
19958	2.0
19971	46.0
19977	-24.0
19988	16.0
19996	6.0
20000	0
20014	44.0
20020	-28.0
20033	54.0
20047	14.0
20053	-26.0
20057	-26.0
20059	-26.0
20072	42.0
20085	46.0
20093	-18.0
20097	0
20103	-22.0
20112	-24.0
20116	-24.0
20118	-26.0
20131	48.0
20132	-30.0
20138	-24.0
20141	-30.0
20155	40.0
20160	2.0
20164	-26.0
20165	-30.0
20170	-28.0
20176	8.0
20182	-20.0
20187	2.0
20193	-28.0
20198	2.0
20200	-28.0
20205	2.0
20212	10.0
20220	10.0
20233	54.0
20238	2.0
20241	-30.0
20244	-28.0
20248	2.0
20260	48.0
20265	0
20270	0
20281	-10.0
20283	-28.0
20288	2.0
20293	6.0
20294	-30.0
20309	16.0
20323	42.0
20329	-16.0
20334	10.0
20345	-24.0
20350	0
20354	-24.0
20356	-28.0
20358	-26.0
20362	-28.0
20371	4.0
20384	42.0
20386	-26.0
20399	12.0
20404	-22.0
20411	-14.0
20415	6.0
20420	-26.0
20434	12.0
20439	-24.0
20442	-30.0
20449	12.0
20461	42.0
20469	4.0
20474	0
20479	2.0
20492	46.0
20505	42.0
20510	-22.0
20521	46.0
20528	-26.0
20536	6.0
20537	-30.0
20542	2.0
20547	-28.0
20558	12.0
20562	-26.0
20574	14.0
20579	0
20592	20.0
20598	2.0
20606	14.0
20614	-22.0
20621	-24.0
20627	-22.0
20632	-28.0
20637	2.0
20647	-16.0
20651	6.0
20664	46.0
20667	-30.0
20679	54.0
20681	-28.0
20690	-18.0
20703	42.0
20706	-28.0
20711	-20.0
20715	0
20718	-30.0
20721	-26.0
20729	-22.0
20741	-24.0
20744	-26.0
20758	38.0
20766	-18.0
20773	-28.0
20778	0
20792	42.0
20794	-30.0
20807	18.0
20812	2.0
20821	-50.0
20825	-30.0
20828	-30.0
20831	-30.0
20835	-58.0
20850	10.0
20856	-24.0
20862	-20.0
20868	-20.0
20872	-30.0
20877	8.0
20889	18.0
20898	-24.0
20903	-26.0
20911	-26.0
20920	-24.0
20927	-26.0
20929	-28.0
20934	2.0
20941	-24.0
20947	-22.0
20956	-22.0
20958	-26.0
20970	22.0
20973	-30.0
20983	20.0
20988	2.0
20995	-26.0
20999	-24.0
21003	-26.0
21007	-30.0
21009	-26.0
21022	14.0
21028	-28.0
21038	-14.0
21041	-30.0
21052	-22.0
21056	-30.0
21068	6.0
21082	20.0
21085	-30.0
21093	6.0
21099	2.0
21107	-14.0
21119	46.0
21123	-24.0
21132	-26.0
21146	46.0
21150	-26.0
21154	-24.0
21157	-30.0
21165	6.0
21170	-28.0
21174	0
21178	-26.0
21183	-28.0
21195	42.0
21197	-28.0
21202	-26.0
21207	-22.0
21215	6.0
21222	4.0
21227	-28.0
21234	4.0
21243	-24.0
21246	-30.0
21258	50.0
21267	-24.0
21271	-28.0
21278	4.0
21285	4.0
21293	-22.0
21302	4.0
21309	-24.0
21315	-22.0
21318	-30.0
21321	-24.0
21327	-26.0
21336	-14.0
21339	-54.0
21350	14.0
21355	-28.0
21367	-22.0
21375	-22.0
21385	-6.0
21390	-28.0
21395	2.0
21398	-22.0
21406	-20.0
21418	6.0
21422	0
21435	-22.0
21442	8.0
21453	58.0
21458	-28.0
21462	0
21470	-22.0
21482	-14.0
21486	-30.0
21490	-28.0
21496	-26.0
21511	10.0
21520	-24.0
21528	-22.0
21533	-28.0
21542	-24.0
21550	-28.0
21560	-20.0
21573	14.0
21581	-22.0
21585	6.0
21591	8.0
21606	14.0
21608	-26.0
21616	6.0
21621	-28.0
21627	-24.0
21635	-12.0
21642	-22.0
21647	-26.0
21659	-22.0
21662	-58.0
21668	-26.0
21671	2.0
21679	-18.0
21683	-30.0
21696	-24.0
21701	-28.0
21709	4.0
21717	-20.0
21722	-24.0
21734	-12.0
21741	8.0
21746	2.0
21761	10.0
21765	-28.0
21777	4.0
21778	-30.0
21785	-24.0
21789	-30.0
21796	-24.0
21804	6.0
21808	4.0
21823	12.0
21826	4.0
21829	-30.0
21832	-26.0
21836	-26.0
21848	52.0
21852	0
21863	16.0
21868	2.0
21871	-30.0
21882	-76.0
21890	-22.0
21903	54.0
21913	48.0
21917	-26.0
21932	10.0
21935	-30.0
21937	-26.0
21949	12.0
21964	10.0
21978	16.0
21984	0
21988	6.0
21989	-30.0
21995	-28.0
22000	-26.0
22003	-30.0
22014	8.0
22022	-18.0
22024	-28.0
22029	2.0
22031	-26.0
22035	4.0
22042	-28.0
22047	2.0
22060	12.0
22065	10.0
22077	20.0
22082	-22.0
22094	50.0
22099	6.0
22101	-26.0
22114	52.0
22126	56.0
22128	-58.0
22130	-28.0
22137	-22.0
22149	-16.0
22158	-18.0
22172	8.0
22177	2.0
22179	-26.0
22183	-28.0
22187	4.0
22191	-30.0
22195	-30.0
22201	-16.0
22202	-30.0
22205	-30.0
22207	-30.0
22214	-28.0
22220	-22.0
22223	-30.0
22226	-22.0
22237	-24.0
22240	-30.0
22253	58.0
22264	18.0
22278	42.0
22282	0
22289	-18.0
22294	4.0
22300	2.0
22303	-22.0
22316	46.0
22319	-28.0
22326	8.0
22329	-30.0
22342	48.0
22345	-30.0
22351	-24.0
22356	-24.0
22359	-30.0
22366	4.0
22371	2.0
22378	4.0
22381	-30.0
22385	6.0
22390	0
22397	-24.0
22408	-6.0
22414	-58.0
22422	-22.0
22427	6.0
22434	-26.0
22437	-28.0
22444	-26.0
22452	-10.0
22457	-24.0
22462	2.0
22468	-18.0
22481	50.0
22488	-22.0
22496	-50.0
22497	-30.0
22499	-26.0
22504	-28.0
22509	0
22522	44.0
22526	6.0
22530	-56.0
22536	-24.0
22550	44.0
22556	-52.0
22560	-30.0
22572	48.0
22586	42.0
22592	-24.0
22595	-30.0
22600	-20.0
22613	42.0
22621	12.0
22623	-28.0
22633	-22.0
22641	4.0
22653	82.0
22658	2.0
22663	2.0
22667	-28.0
22672	2.0
22676	-30.0
22681	2.0
22686	-20.0
22695	-14.0
22709	44.0
22713	0
22722	-24.0
22730	4.0
22732	-26.0
22745	56.0
22758	12.0
22767	-12.0
22775	2.0
22778	-30.0
22790	20.0
22801	8.0
22809	-26.0
22822	54.0
22827	-28.0
22836	-12.0
22841	-28.0
22850	4.0
22855	-28.0
22860	-20.0
22872	-22.0
22880	4.0
22883	-28.0
22896	16.0
22905	4.0
22918	8.0
22922	4.0
22934	56.0
22939	6.0
22949	-44.0
22950	-30.0
22957	-22.0
22962	-54.0
22967	-28.0
22975	-26.0
22982	-24.0
22994	38.0
22999	0
23011	10.0
23023	8.0
23032	-26.0
23046	48.0
23053	-24.0
23064	8.0
23070	-20.0
23077	-22.0
23082	2.0
23089	-26.0
23096	-26.0
23100	0
23114	6.0
23123	-18.0
23128	-22.0
23131	-30.0
23144	-20.0
23148	0
23151	-24.0
23155	-22.0
23165	-12.0
23170	2.0
23177	-22.0
23180	-30.0
23192	46.0
23195	-58.0
23207	48.0
23210	-26.0
23213	-30.0
23217	0
23225	-20.0
23231	-20.0
23240	-20.0
23245	-28.0
23247	-24.0
23261	42.0
23266	-24.0
23275	-24.0
23282	4.0
23297	10.0
23311	20.0
23315	-26.0
23317	-28.0
23322	2.0
23325	-30.0
23329	-30.0
23331	-28.0
23344	52.0
23347	-24.0
23351	0
23356	8.0
23358	-28.0
23366	-28.0
23376	-20.0
23380	-30.0
23388	-20.0
23392	6.0
23404	46.0
23419	12.0
23423	0
23431	10.0
23434	-30.0
23437	-30.0
23441	-56.0
23446	-28.0
23456	-24.0
23463	-26.0
23475	50.0
23482	-26.0
23483	-30.0
23488	2.0
23498	-20.0
23500	-30.0
23506	2.0
23511	-28.0
23516	2.0
23529	24.0
23537	10.0
23539	-26.0
23542	-30.0
23546	6.0
23550	0
23552	-26.0
23559	-26.0
23572	6.0
23577	2.0
23590	14.0
23594	4.0
23604	60.0
23615	8.0
23623	-26.0
23636	8.0
23641	2.0
23648	6.0
23659	22.0
23668	4.0
23676	4.0
23682	-22.0
23694	-22.0
23697	-30.0
23701	-30.0
23706	0
23709	-30.0
23713	-30.0
23718	0
23725	8.0
23729	-24.0
23743	44.0
23745	-26.0
23749	4.0
23762	18.0
23763	-30.0
23765	-28.0
23777	-20.0
23785	10.0
23791	-26.0
23804	46.0
23817	16.0
23820	-30.0
23830	-10.0
23834	-26.0
23837	-30.0
23840	0
23852	8.0
23853	-30.0
23866	50.0
23878	-20.0
23887	-10.0
23892	-24.0
23905	50.0
23908	-30.0
23921	20.0
23935	26.0
23949	10.0
23952	-58.0
23960	6.0
23965	2.0
23971	-16.0
23982	-24.0
23986	-22.0
24000	44.0
24010	-22.0
24024	10.0
24030	-26.0
24033	-30.0
24038	-22.0
24043	2.0
24054	26.0
24067	-20.0
24070	-30.0
24081	-22.0
24095	42.0
24097	-26.0
24104	-26.0
24109	-22.0
24111	-30.0
24121	-22.0
24125	0
24137	18.0
24150	38.0
24155	2.0
24168	46.0
24174	-20.0
24181	4.0
24185	-30.0
24187	-26.0
24189	-28.0
24204	12.0
24216	-22.0
24231	12.0
24244	24.0
24253	6.0
24268	12.0
24271	-30.0
24279	10.0
24282	-30.0
24285	-28.0
24292	4.0
24305	48.0
24310	2.0
24323	8.0
24327	0
24335	4.0
24346	-20.0
24355	-22.0
24360	2.0
24365	-28.0
24368	-28.0
24371	-30.0
24376	2.0
24387	-24.0
24401	46.0
24406	-28.0
24412	-20.0
24419	-24.0
24425	-28.0
24439	42.0
24446	-22.0
24456	-18.0
24463	-26.0
24469	-20.0
24482	14.0
24496	6.0
24508	-20.0
24519	8.0
24522	-30.0
24529	8.0
24538	6.0
24544	-26.0
24551	-24.0
24564	48.0
24578	40.0
24582	4.0
24585	0
24588	-30.0
24602	10.0
24607	6.0
24612	6.0
24614	-26.0
24619	0
24627	4.0
24641	14.0
24646	0
24652	-28.0
24667	12.0
24680	-20.0
24689	4.0
24702	46.0
24712	-50.0
24719	10.0
24727	-14.0
24737	-24.0
24743	-26.0
24755	-20.0
24759	-28.0
24764	0
24775	16.0
24787	18.0
24799	22.0
24803	8.0
24808	-22.0
24813	2.0
24818	2.0
24831	44.0
24836	2.0
24851	10.0
24858	-22.0
24864	10.0
24869	-24.0
24874	0
24886	54.0
24900	44.0
24909	-24.0
24916	-20.0
24929	6.0
24935	-18.0
24940	-28.0
24946	-20.0
24956	-18.0
24970	8.0
24972	-28.0
24976	6.0
24979	-30.0
24983	-28.0
24990	-26.0
25003	52.0
25008	0
25023	12.0
25026	-30.0
25029	-30.0
25044	12.0
25049	2.0
25056	-26.0
25063	-26.0
25070	16.0
25077	8.0
25086	6.0
25099	8.0
25103	-30.0
25117	46.0
25121	-28.0
25125	-28.0
25138	14.0
25146	-20.0
25159	-20.0
25166	-26.0
25180	42.0
25187	-26.0
25200	18.0
25207	-26.0
25217	-18.0
25221	-30.0
25230	16.0
25231	-30.0
25234	-28.0
25244	6.0
25253	-24.0
25255	-28.0
25259	-30.0
25263	0
25265	-30.0
25272	-26.0
25277	0
25285	-22.0
25290	-24.0
25303	52.0
25316	48.0
25321	0
25329	12.0
25340	16.0
25347	-50.0
25358	54.0
25363	0
25370	-26.0
25375	2.0
25380	2.0
25387	-26.0
25390	-28.0
25392	-28.0
25401	4.0
25402	-30.0
25414	46.0
25419	0
25426	4.0
25431	2.0
25433	-28.0
25436	-30.0
25439	-30.0
25450	-16.0
25455	2.0
25467	52.0
25475	-26.0
25488	20.0
25500	-20.0
25508	4.0
25512	-56.0
25524	14.0
25528	-30.0
25537	-22.0
25550	46.0
25555	-24.0
25563	-24.0
25569	-20.0
25573	-30.0
25580	-24.0
25587	-26.0
25589	-26.0
25592	-28.0
25603	-22.0
25607	4.0
25613	-22.0
25618	2.0
25631	10.0
25639	4.0
25644	2.0
25648	-24.0
25653	0
25662	4.0
25665	-28.0
25667	-24.0
25679	14.0
25686	8.0
25697	-22.0
25705	-20.0
25714	-26.0
25727	46.0
25729	-28.0
25732	-30.0
25746	10.0
25749	-30.0
25755	-20.0
25758	-30.0
25764	-26.0
25765	-30.0
25774	-20.0
25780	-22.0
25786	-22.0
25799	-22.0
25808	-8.0
25815	-28.0
25819	-30.0
25828	6.0
25832	-28.0
25835	-30.0
25838	-24.0
25850	-22.0
25856	-22.0
25866	-18.0
25867	-30.0
25881	12.0
25892	6.0
25895	0
25897	-30.0
25912	14.0
25927	10.0
25936	4.0
25937	-30.0
25938	-30.0
25943	2.0
25950	-52.0
25956	-20.0
25963	-26.0
25967	-30.0
25971	0
25974	-24.0
25981	-20.0
25985	-16.0
25998	46.0
26007	-18.0
26014	10.0
26026	46.0
26038	-22.0
26040	-26.0
26051	50.0
26064	16.0
26066	-26.0
26070	6.0
26080	-24.0
26083	-30.0
26089	-20.0
26098	-14.0
26107	6.0
26109	-26.0
26123	44.0
26133	4.0
26142	4.0
26150	4.0
26157	-28.0
26171	10.0
26176	2.0
26181	2.0
26185	-30.0
26191	-24.0
26203	48.0
26210	-28.0
26215	0
26217	-26.0
26224	-26.0
26231	-26.0
26235	4.0
26237	-26.0
26248	20.0
26252	-26.0
26263	-16.0
26276	42.0
26285	4.0
26292	-18.0
26300	-22.0
26312	-22.0
26326	42.0
26340	18.0
26353	48.0
26356	-30.0
26361	2.0
26363	-28.0
26378	12.0
26391	50.0
26398	4.0
26406	-22.0
26419	44.0
26432	8.0
26436	-24.0
26449	46.0
26454	0
26460	2.0
26464	-30.0
26477	42.0
26480	-30.0
26485	0
26494	-18.0
26497	-30.0
