8.720682541295847
5.682183235732255
6.957491495377269
8.115578846097401
8.186594272759592
8.38427837147044
8.106955264059254
7.581389220603181
8.530991755831751
8.160540533100404
8.072610606929564
7.926738799110657
7.962473528492008
7.840473823854013
8.019702724034936
8.19912246350431
8.37601743494126
8.704435732296734
8.72576908286573
8.919311224285371
9.229521171476529
9.457456630418163
9.747942347230197
9.973735610750653
10.118360963812371
10.787452576766597
11.125894122018817
11.45781154507598
11.44523009049086
12.147959578498346
13.227859127822878
13.901498611972267
16.07806730616818
17.481357204859425
19.56468718003891
20.477651619918774
21.9726031143361
23.417355402431063
24.86986708119779
26.499404256756232
28.07577333359804
29.570961349067286
31.179953657292135
32.579289468481214
33.87207866136761
35.290951605160735
36.442374978732644
37.541732192740675
38.80076399650009
40.00742121214595
41.16320496183013
42.27979046251639
43.191200016255394
44.05359114763611
45.055072863460374
46.01758254939125
46.94803585163236
47.82876665124013
48.632519553238545
49.387962177147976
50.20096946316051
50.98521984240848
51.747418015376965
52.48780968333797
53.20498855841545
53.89948810229654
54.514448827200184
55.1676639505704
55.80161652837437
56.41751404559929
57.01647048765733
57.59905638905022
58.164531466136125
58.715190421042436
59.25164444225395
59.77399876817459
60.279747287719786
60.77665008124895
61.261996195910314
61.732812649762046
62.19293086545823
62.642864951980776
63.07966476232274
63.43046128649863
63.84932758697734
64.25674296985491
64.65594502598303
65.04649819475547
65.42742353079286
65.7998183170187
66.16347753905497
66.52005421451895
66.78638211113024
67.13057500851336
67.46796731234838
67.7982481429762
68.1206181727055
