6	-5.0
8	-15.0
11	-25.0
15	-10.0
24	-15.0
26	-10.0
27	-10.0
40	0.0
61	-40.0
62	-15.0
63	-10.0
70	0.0
78	-10.0
86	5.0
96	-5.0
97	-15.0
110	-45.0
121	-20.0
138	-15.0
141	-5.0
155	-25.0
178	-10.0
182	-20.0
191	-30.0
194	-10.0
236	-45.0
239	-15.0
243	-5.0
253	-15.0
280	5.0
290	15.0
293	0
296	-10.0
304	-25.0
308	-15.0
332	-15.0
334	-15.0
387	-65.0
393	5.0
400	-15.0
419	35.0
425	-15.0
434	-5.0
444	-10.0
450	-15.0
481	20.0
484	-30.0
487	0.0
489	-15.0
507	5.0
532	-20.0
534	0
565	-45.0
574	-15.0
583	10.0
592	-10.0
593	-15.0
597	5.0
600	0.0
601	-15.0
603	-25.0
613	-40.0
617	0.0
623	-5.0
628	-10.0
639	5.0
658	-15.0
663	0.0
680	-30.0
685	-15.0
695	-10.0
696	-15.0
701	-10.0
720	-55.0
724	-10.0
726	-20.0
730	5.0
732	-15.0
734	-20.0
744	-30.0
804	-20.0
805	-10.0
835	-5.0
837	-5.0
838	-10.0
845	-20.0
848	-15.0
919	-5.0
921	-10.0
922	-15.0
925	-45.0
944	25.0
950	-10.0
951	-15.0
961	0.0
962	-10.0
964	-15.0
977	-20.0
980	10.0
983	-10.0
1008	-25.0
1012	-5.0
1032	-20.0
1039	-10.0
1041	-15.0
1055	-25.0
1061	-25.0
1062	-15.0
1068	15.0
1077	-5.0
1082	-25.0
1101	30.0
1120	-25.0
1125	0.0
1133	5.0
1134	-10.0
1144	-5.0
1147	-20.0
1148	-15.0
1156	5.0
1164	15.0
1168	-5.0
1171	-15.0
1173	-10.0
1213	-45.0
1217	-10.0
1219	-25.0
1226	10.0
1247	-20.0
1264	-45.0
1270	-10.0
1275	-5.0
1280	0
1282	-15.0
1293	-5.0
1299	-10.0
1304	0.0
1321	-25.0
1328	-20.0
1346	-10.0
1356	-20.0
1382	-5.0
1385	-15.0
1404	-20.0
1407	-30.0
1411	5.0
1415	0.0
1419	-10.0
1453	0.0
1493	0.0
1499	-10.0
1518	-10.0
1520	-15.0
1533	-5.0
1539	15.0
1547	20.0
1556	-60.0
1564	-45.0
1587	-20.0
1600	20.0
1610	20.0
1616	0.0
1624	20.0
1632	5.0
1637	-10.0
1656	10.0
1712	0.0
1715	-10.0
1717	-10.0
1719	-20.0
1788	45.0
1798	-10.0
1801	-10.0
1812	-30.0
1834	-5.0
1858	10.0
1863	0.0
1866	-5.0
1887	10.0
1892	-5.0
1908	-5.0
1913	-10.0
1914	-15.0
1916	0
1928	-15.0
1938	-25.0
1959	20.0
1992	-10.0
1995	-15.0
2002	-5.0
2008	-35.0
2027	5.0
2042	-5.0
2077	-5.0
2106	5.0
2112	-20.0
2114	-25.0
2124	5.0
2149	-15.0
2207	60.0
2241	5.0
2265	-30.0
2270	-10.0
2273	-20.0
2280	-15.0
2305	-15.0
2317	-5.0
2320	-15.0
2338	-15.0
2345	-20.0
2355	15.0
2358	0.0
2382	35.0
2389	0.0
2409	-25.0
2424	0.0
2459	45.0
2491	-5.0
2510	5.0
2538	5.0
2580	65.0
2584	-25.0
2585	-15.0
2612	20.0
2615	-10.0
2631	-10.0
2662	-5.0
2668	0.0
2703	45.0
2710	10.0
2719	5.0
2763	45.0
2778	-45.0
2781	0.0
2813	35.0
2846	25.0
2847	-15.0
2874	10.0
2877	-10.0
2885	5.0
2895	15.0
2911	10.0
2915	-15.0
2918	-5.0
2975	0.0
2978	-5.0
2981	-15.0
3001	-55.0
3035	30.0
3079	40.0
3160	70.0
3170	-10.0
3186	-25.0
3190	-15.0
3198	-15.0
3204	15.0
3211	-20.0
3306	45.0
3354	65.0
3361	5.0
3364	-20.0
3390	-10.0
3445	50.0
3476	25.0
3497	15.0
3561	30.0
3566	0.0
3586	35.0
3591	-10.0
3612	-5.0
3662	25.0
3665	-20.0
3666	-10.0
3728	15.0
3768	20.0
3804	-5.0
3827	10.0
3828	-15.0
3835	5.0
3847	10.0
3865	5.0
3882	10.0
3888	10.0
3900	0.0
3907	10.0
3930	10.0
3934	-15.0
3957	0.0
3975	25.0
3986	-20.0
4050	65.0
4084	20.0
4211	180.0
4243	-25.0
4245	-10.0
4322	115.0
4325	-25.0
4349	30.0
4393	45.0
4514	55.0
4595	85.0
4606	-5.0
4615	-15.0
4620	-5.0
4681	45.0
4689	0.0
4803	230.0
4828	45.0
4949	200.0
4970	10.0
4990	-5.0
4993	-15.0
5061	100.0
5136	75.0
5152	-10.0
5166	-10.0
5219	10.0
5273	70.0
5389	100.0
5499	80.0
5580	120.0
5715	135.0
5846	140.0
5979	110.0
5999	40.0
6120	90.0
6258	145.0
6379	85.0
6503	215.0
6634	165.0
6776	190.0
6848	60.0
6980	150.0
7095	155.0
7198	40.0
7324	245.0
7345	5.0
7353	15.0
7357	0.0
7467	95.0
7601	180.0
7633	5.0
7775	165.0
7908	195.0
8037	185.0
8160	185.0
8291	115.0
8424	105.0
8552	275.0
8689	165.0
8765	65.0
8770	-10.0
8773	-10.0
8900	150.0
8918	0.0
9046	140.0
9049	-20.0
9170	130.0
9236	85.0
9267	0.0
9370	105.0
9503	165.0
9635	115.0
9675	20.0
9812	195.0
9946	190.0
10083	155.0
10173	65.0
10280	95.0
10411	170.0
10549	180.0
10682	165.0
10814	215.0
10832	15.0
10960	155.0
11020	50.0
11163	225.0
11194	0.0
11324	225.0
11458	110.0
11524	35.0
11651	85.0
11791	195.0
11931	125.0
11953	0.0
12085	135.0
12204	120.0
12279	65.0
12418	170.0
12548	160.0
12683	185.0
12808	200.0
12823	15.0
12956	230.0
13090	260.0
13229	200.0
13365	180.0
13503	145.0
13631	135.0
13759	190.0
13885	160.0
14019	150.0
14125	110.0
14250	210.0
14335	80.0
14413	105.0
14551	155.0
14680	135.0
14809	165.0
14936	185.0
15067	155.0
15205	245.0
15245	35.0
15383	140.0
15495	220.0
15621	240.0
15755	180.0
15876	185.0
16013	195.0
16148	175.0
16283	110.0
16415	240.0
16541	115.0
16681	155.0
16818	145.0
16951	145.0
17080	245.0
17205	170.0
17338	145.0
17472	175.0
17601	275.0
17738	140.0
17864	230.0
17915	35.0
18033	200.0
18154	180.0
18277	175.0
18408	180.0
18531	205.0
18662	155.0
18784	210.0
18903	235.0
19028	190.0
19048	15.0
19172	75.0
19296	170.0
19420	210.0
19548	180.0
19675	210.0
19794	225.0
19921	150.0
20042	220.0
20171	235.0
20300	145.0
20430	150.0
20569	175.0
20705	195.0
20826	175.0
20952	225.0
21075	165.0
21203	150.0
21339	185.0
21464	235.0
21583	145.0
21713	225.0
21844	205.0
21974	160.0
22099	195.0
22103	-15.0
22232	235.0
22358	150.0
22470	160.0
22602	160.0
22607	0
22736	210.0
22869	170.0
23000	150.0
23124	175.0
23264	170.0
23407	165.0
23539	200.0
23677	200.0
23811	165.0
23937	250.0
24081	135.0
24210	210.0
24346	125.0
24494	215.0
24633	140.0
24777	260.0
24898	220.0
25028	220.0
25168	210.0
25292	160.0
25420	220.0
25552	175.0
25689	195.0
25823	205.0
25952	185.0
26087	175.0
26227	250.0
26353	215.0
26493	180.0
26623	190.0
26753	205.0
26885	130.0
27016	220.0
27155	170.0
27294	175.0
27420	160.0
27544	195.0
27675	230.0
27812	175.0
27942	215.0
28077	280.0
28202	220.0
28344	190.0
28472	145.0
28598	180.0
28717	210.0
28736	25.0
28860	180.0
28998	195.0
29132	145.0
29258	205.0
29376	200.0
29498	190.0
29626	215.0
29760	230.0
29893	230.0
30034	155.0
30161	225.0
30294	200.0
30426	135.0
30433	25.0
30554	170.0
30685	205.0
30819	200.0
30947	180.0
31074	195.0
31198	175.0
31316	260.0
31440	170.0
31557	150.0
31675	180.0
31796	240.0
31921	265.0
32036	190.0
32168	165.0
32295	255.0
32420	240.0
32545	240.0
32671	230.0
32797	230.0
32927	220.0
33051	110.0
33171	225.0
33294	275.0
33422	260.0
33549	195.0
33674	160.0
33810	205.0
33937	225.0
34064	180.0
34196	190.0
34326	175.0
34447	225.0
34578	185.0
34702	260.0
34823	145.0
34946	250.0
35068	225.0
35196	225.0
35317	185.0
35440	250.0
35564	155.0
35688	195.0
35795	185.0
35921	260.0
36009	140.0
36135	120.0
36256	260.0
36378	200.0
36507	190.0
36612	135.0
36736	150.0
36851	195.0
36975	230.0
37101	130.0
37222	235.0
37351	210.0
37479	270.0
37605	190.0
37668	80.0
37787	260.0
37908	295.0
38035	190.0
38152	190.0
38272	245.0
38397	205.0
38520	230.0
38648	200.0
38774	205.0
38896	210.0
39020	245.0
39140	205.0
39251	215.0
39371	190.0
39493	215.0
39609	205.0
39731	260.0
39850	185.0
39977	220.0
40100	225.0
40223	245.0
40352	205.0
40479	230.0
40596	200.0
40723	195.0
40842	240.0
40971	125.0
41092	160.0
41225	190.0
41353	195.0
41480	205.0
41603	200.0
41727	175.0
41856	195.0
41976	175.0
42089	195.0
42218	165.0
42345	170.0
42466	205.0
42597	150.0
42726	240.0
42844	195.0
42966	200.0
43085	215.0
43209	170.0
43333	220.0
43454	230.0
43578	210.0
43698	225.0
43823	295.0
43947	200.0
44067	255.0
44198	210.0
44319	145.0
44432	225.0
44550	220.0
44667	230.0
44790	265.0
44909	170.0
45033	235.0
45155	190.0
45275	210.0
45401	205.0
45535	155.0
45661	215.0
45782	185.0
45902	165.0
46023	125.0
46150	240.0
46271	235.0
46390	220.0
46519	205.0
46639	145.0
46757	225.0
46830	120.0
46957	205.0
47085	155.0
47209	205.0
47325	220.0
47444	195.0
47572	250.0
47695	245.0
47816	155.0
47938	130.0
48060	190.0
48188	180.0
48311	230.0
48427	200.0
48547	200.0
48672	190.0
48795	205.0
48916	205.0
49039	160.0
49168	185.0
49291	150.0
49421	190.0
49547	190.0
49665	290.0
49790	180.0
49911	235.0
50037	215.0
50159	245.0
50285	195.0
50410	255.0
50532	195.0
50656	180.0
50772	135.0
50888	195.0
51009	175.0
51128	335.0
51246	250.0
51370	235.0
51492	210.0
51611	275.0
51736	205.0
51858	225.0
51982	245.0
52098	210.0
52226	200.0
52349	220.0
52468	175.0
52592	225.0
52714	155.0
52830	245.0
52950	160.0
53068	200.0
53188	170.0
53307	230.0
53425	165.0
53548	240.0
53664	235.0
53788	180.0
53919	225.0
54037	240.0
54160	155.0
54281	205.0
54407	220.0
54525	160.0
54650	210.0
54771	190.0
54892	195.0
55009	195.0
55133	135.0
55245	200.0
55367	240.0
55482	150.0
55601	270.0
55719	250.0
55839	170.0
55957	230.0
56075	165.0
56198	215.0
56323	180.0
56446	200.0
56565	180.0
56694	195.0
56817	245.0
56943	215.0
57070	225.0
57192	200.0
57315	240.0
57433	205.0
57555	240.0
57678	240.0
57803	180.0
57930	200.0
58042	195.0
58161	245.0
58281	185.0
58401	265.0
58529	190.0
58642	200.0
58762	205.0
58877	180.0
59003	195.0
59122	215.0
59236	240.0
59357	200.0
59475	210.0
59595	275.0
59718	175.0
59839	210.0
59962	215.0
60082	195.0
60199	285.0
60321	245.0
60443	165.0
60569	160.0
60689	250.0
60812	210.0
60936	160.0
61054	190.0
61177	180.0
61297	180.0
61414	210.0
61535	215.0
61658	250.0
61777	155.0
61899	220.0
62015	215.0
62132	265.0
62252	205.0
62371	185.0
62487	240.0
62611	200.0
62729	220.0
62850	175.0
62971	130.0
63088	230.0
63209	230.0
63331	235.0
63451	225.0
63567	220.0
63685	280.0
63806	230.0
63932	225.0
64052	155.0
64176	240.0
64296	235.0
64417	235.0
64536	160.0
64659	205.0
64777	180.0
64891	270.0
65008	250.0
65131	180.0
65247	200.0
65370	225.0
65491	170.0
65602	225.0
65725	250.0
65839	195.0
65966	240.0
66086	210.0
66203	210.0
66320	210.0
66437	250.0
66555	230.0
66672	255.0
66800	130.0
66918	185.0
67038	295.0
67078	65.0
67198	310.0
67312	235.0
67429	235.0
67550	230.0
67664	145.0
67784	175.0
67903	170.0
68023	200.0
68140	235.0
68263	225.0
68380	215.0
68496	230.0
68619	230.0
68744	235.0
68868	175.0
68987	225.0
69108	200.0
69228	310.0
69348	155.0
69474	205.0
69594	170.0
69712	220.0
69827	240.0
69949	235.0
70066	180.0
70185	230.0
70305	200.0
70422	290.0
70542	245.0
70661	240.0
70789	220.0
70907	175.0
71026	200.0
71146	200.0
71261	235.0
71379	170.0
71498	220.0
71618	180.0
71738	225.0
71858	225.0
71980	205.0
72096	165.0
72219	175.0
72341	210.0
72467	265.0
72591	245.0
72710	260.0
72827	150.0
72946	245.0
73071	180.0
73190	220.0
73303	255.0
73424	250.0
73542	260.0
73664	300.0
73791	215.0
73917	185.0
74039	165.0
74157	205.0
74284	175.0
74405	220.0
74532	185.0
74647	245.0
74767	265.0
74888	160.0
75005	265.0
75122	220.0
75247	210.0
75370	270.0
75494	150.0
75612	240.0
75740	185.0
75862	235.0
75984	210.0
76107	185.0
76227	245.0
76347	200.0
76462	245.0
76584	180.0
76704	260.0
76829	270.0
76947	250.0
77066	285.0
77194	265.0
77318	185.0
77444	190.0
77561	245.0
77678	230.0
77798	185.0
77914	285.0
78032	225.0
78059	30.0
78178	230.0
78295	260.0
78419	250.0
78540	180.0
78657	195.0
78781	215.0
78891	205.0
79011	280.0
79131	310.0
79247	195.0
79364	250.0
79488	210.0
79606	220.0
79726	240.0
79845	195.0
79966	235.0
80080	260.0
80195	140.0
80313	240.0
80432	195.0
80545	320.0
80664	200.0
80782	190.0
80894	230.0
81009	250.0
81127	220.0
81245	195.0
81371	310.0
81492	235.0
81613	155.0
81738	220.0
81858	285.0
81982	235.0
82098	175.0
82217	275.0
82334	165.0
82449	210.0
82571	205.0
82692	220.0
82805	155.0
