6.050408574479553
4.5194213966231
4.534943739979705
5.089733257249474
6.243815002964679
6.640195961803165
7.137551982800413
7.193253806964229
7.49737197762402
7.213783027319937
7.314003213271265
7.320956358465435
7.415311197656402
7.36986535238624
7.261565998630377
7.161835364242346
7.153501807911474
7.258462768912634
7.186226644021812
7.1557564744499125
7.13833921307737
6.985971652429851
6.909636889668255
6.9509935831400025
7.000348232449034
6.937986541897091
6.8679717437196475
6.7625008274977
6.73052966485692
6.693319290537379
6.660971304979682
6.648212139247884
6.6814184549943
6.637063058254766
6.679051842811302
6.639001463925948
6.605622091709066
6.597719893370971
6.586296606081107
6.523161377641613
6.492821827257838
6.418724740473247
6.362149148652741
6.344929104081913
6.3669186090476035
6.396346084397258
6.355465734326918
6.3533159078315
6.309745567791183
6.270971480398787
6.256929578924085
6.271337044546548
6.241971122329387
6.254398063363377
6.278676104804688
6.302167721946166
6.3008382976032
6.316833891910372
6.30088540716668
6.301808514833269
6.2831709769019675
6.342858924321647
6.336010081801874
6.3153355401621205
6.269247969285236
6.285479086897679
6.260203856651744
6.281464375882105
6.278264827003096
6.233445817118782
6.2596752808846565
6.223339499875955
6.236347488731652
6.212391644048626
6.196215942912296
6.223285015702759
6.205882004844926
6.190466534873534
6.198532302981152
6.228548437718391
6.251076253647955
6.290022818059979
6.296154011667477
6.293120498126362
6.285901469025699
6.26802141976354
6.260206085351836
6.2646810020956885
6.256730885074322
6.239819155212603
6.2307756815058255
6.250787408688114
6.28612174850118
6.29829815588663
6.259748041913292
6.266584880034702
6.291948365736925
6.276947377329437
6.284077072978382
6.284061587640251
6.323162072087292
6.300647905191891
6.289038903290554
6.286916734601643
6.300224524985664
6.3043438330122115
6.309109389976657
6.345520938206335
6.312779981806945
6.333172988438131
6.326531813836404
6.323690283542676
6.321655035129609
6.31594402941278
6.344810114558024
6.331454620480783
6.353318786223445
6.367307012172355
6.370188177956861
6.392790473030289
6.425239568088469
6.427401028179869
6.484507618254373
6.5142955743523405
6.522208666235662
6.529260340683458
6.530466745505071
6.537718685291058
6.587845255515395
6.593764463950074
6.594943693188785
6.645634307423736
6.6693082645845685
6.650250953395972
6.662753273943312
6.6657027319619715
6.662085110352389
6.686700310097396
6.702437708405516
6.687660928432179
6.6964431037382015
6.748134944566044
6.777122228868366
6.8050970333089875
6.841329524313653
6.851877151522481
6.8612744687554
6.862127007983361
6.852443848767361
6.870803464002831
6.873378241671456
6.89322766311484
6.921634085867785
6.941771091655707
6.951249175758227
6.931490670509275
6.976254002427337
6.982561023043087
6.993637581941375
7.028605296942592
7.052743041471967
7.07726449397665
7.0988170047029655
7.0835916723113765
7.093468984930671
7.120741912308674
7.118873885868534
7.155128658414593
7.170454208842423
7.215730999465966
7.20852092786035
7.213947375137042
7.222108052731819
7.246357031185889
7.2449459646550745
7.300435231006584
7.308657271156127
7.321808451157572
7.341359283331741
7.3509835783841915
7.400939603497294
7.421724682423775
7.448862196196418
7.471803274498724
7.468269828453456
7.473613860975981
7.500136398138455
7.506736693727424
7.55613951919061
7.553755949390079
7.559791682084523
7.557780651179099
7.543938583080086
7.573538334257875
7.606208791774034
7.68113419444508
7.6832205346033975
7.701091283093604
7.7145611739765645
7.7439458396394985
7.759373058588565
7.774112050556716
7.775887609502278
7.815590493622287
7.8324712916058985
7.884523731781213
7.89960817219576
7.907926143085759
7.921946568169149
7.903399496302744
7.942090653994596
7.932798172877079
7.951404545058997
8.056093602512457
8.095751604364155
8.125434742713344
8.150766720733232
8.166781789425029
8.168941717893649
8.195870173704833
8.21914268359951
8.244671121410255
8.253163504201588
8.282887378242798
8.288485011022388
8.301650237881297
8.318835625520634
8.340319595132675
8.352817667958835
8.359844403874755
8.373690051934188
8.385187712525113
8.371210878801511
8.37633308711976
8.366747344421526
8.364762987110103
8.397522028868782
8.432764137816676
8.429771054303908
8.422368493851454
8.45844527376466
8.489355717441136
8.508008640372747
8.525008576369085
8.53171377822836
8.5584311911649
8.567310477788038
8.576932638800095
8.58384781897681
8.600062791149043
8.66438838099984
8.6891288964002
8.688376710461874
8.706735498485203
8.73622537679321
8.74876689118678
8.751766339736623
8.760962331681544
8.748735485596827
8.758210447697898
8.74991069854868
8.769992522369833
8.774765636368196
8.797256404132016
8.810719329636516
8.822049690814442
8.828682450321006
8.854819054412502
8.870543223740448
8.8897098964351
8.891588034680021
8.881950639940724
8.896379943859776
8.905572554593341
8.923216360823425
8.933693411336256
8.937545326937665
8.956662098835345
8.963093612750994
8.966470782696764
8.96726906942382
8.959343773822194
8.96074444751591
8.959638708541428
8.945268378733441
8.954827747241698
8.949544821674122
8.953950465828894
8.974121952220981
8.986284495737904
8.99610914089639
9.001244135735153
8.99082109145678
9.017872691708224
9.010819918494915
9.034161707372117
9.022387543287799
9.026972145498144
9.061148701085948
9.049944805204849
9.047956604746174
9.061848063156972
9.09061997578393
9.122234491092147
9.114500173980199
9.107795929788695
9.129065212692787
9.176103485919498
9.18267754133501
9.176138054010789
9.192629267043287
9.21302815514019
9.202687313722093
9.22805974906227
9.22822434040388
9.21983322746494
9.22786607465281
9.232001487083382
9.227750722765382
9.250515715367978
9.26279166814954
9.270385366606366
9.275116267188356
9.274713987081663
9.284826979034065
9.290898438792311
9.302356949759819
9.300989508003425
9.300906694890491
9.311715000209842
9.315243283491137
9.350523971091597
9.348362698883266
9.353572763515682
9.351020495808037
9.377215705268231
9.373596427922031
9.394687917076801
9.389559693576313
9.393829072006845
9.382281706892725
9.377709146681651
9.390998698573574
9.384756815423652
9.409199946429865
9.401274870919725
9.425800816448135
9.431675206533082
9.443211773073292
9.447747042588613
9.449635298795988
9.45687214392496
9.475476037359433
9.48581022272138
9.497273288106605
9.503765873839017
9.526990069886597
9.527864153832768
9.528157664106596
9.549843151828776
9.55401650469321
9.571353122083446
9.59141322051916
9.624941612632325
9.629378780717392
9.626576565513663
9.62574466762623
9.626020564965408
9.63967155602194
9.630110556744125
9.635533763178806
9.636042766826977
9.63790033793336
9.633621300255754
9.643941929561636
9.654371955329983
9.64901592688106
9.649578066952085
9.665794099435818
9.66696778241483
9.663510844762028
9.683383969147622
9.685443394131488
9.709500656771
9.717692575692126
9.724941134146416
9.738264936200371
9.738888805415133
9.769264299108242
9.775962048801594
9.78149820037747
9.814797323215926
9.818930144914255
9.832803213755732
9.849350128175393
9.849336592323663
9.854362109390182
9.847370520533277
9.85226000351644
9.862715794589983
9.881394998243474
9.8787071252012
9.900125912538
9.908633773500844
9.91341477216691
9.926379717704185
9.92944182697178
9.937880932762369
9.948276198167193
9.947595531904879
9.94809566854445
9.94040173708881
9.945536754924808
9.938321933665142
9.949955579150368
9.961881973068088
9.975172852524144
9.982625496227437
9.995016105312379
9.99827353358985
9.9985593360508
10.001301926273237
10.01615123930955
10.020914378346161
10.02471311331224
10.053839896296079
10.070932676007507
10.094424778007884
10.089716758311077
10.101497439746538
10.112089332939401
10.122760096666722
10.141474509234452
10.145328380164297
10.159138163318564
10.163147596753733
10.156601042238604
10.160386830968823
10.159421500566546
10.176219988742258
10.181510029358597
10.176182151016793
10.186574968615714
10.191169216105191
10.189691387385169
10.192120910914399
10.196254876998132
10.191880293442273
10.190913007796812
10.183625749317919
10.192148810359281
10.200458340902939
10.218286316448822
10.223849574338168
10.2286199009096
10.236483231077154
10.241702031469679
10.24252434906919
10.249004994715316
10.243054669803229
10.245681913987594
10.254516107099786
10.255456090984229
10.25772525553049
10.260258106035021
10.282730165803818
10.285822058791402
10.299716065803528
10.297260570915794
10.307207354450522
10.324369573875716
10.318182336277912
10.331724653677105
10.362807116097704
10.359714068767834
10.353100406830746
10.360157936149145
10.357966578575926
10.367165560204912
10.370231974991034
10.369943976819396
10.382603539983913
10.387715846638816
10.392813681761059
10.404383977695549
10.422510316321516
10.420032358167159
10.416493326627098
10.414606684307426
10.424558064551714
10.415826048753871
10.429800564064772
10.437067597009682
10.439641403873402
10.44373877148183
10.43875987323345
10.452894692422769
10.455494721054908
10.480750885436896
10.503393921350455
10.502028418470017
10.502044183809868
10.501892292838274
10.520416432462344
10.530143233546905
10.535742850024441
10.53859233721674
10.53745709022861
10.551656470387968
10.548982852228786
10.548987167086043
10.56101792742334
10.56525479012619
10.564567785266364
10.567529845448151
10.567064584228062
10.57725594785204
10.572332268964155
10.568482507889115
10.581114358577455
10.577228611028456
10.569464836408184
10.570606292888872
10.574110382890085
10.57163861881494
10.568634733074166
10.563786549670938
10.562881094913267
10.56950273496167
10.564064612288231
10.562910038420178
10.571196544450933
10.586323702621778
10.579028324205426
10.606363716595824
10.608733364952355
10.616862431574098
10.64215125994144
10.656289364017514
10.652141624504768
10.657304538670429
10.676650030764042
10.68237260908447
10.67877976492766
10.680149546608025
10.704996947441357
10.706439480218126
10.704107502389233
10.710664314953405
10.728585596422723
10.72827949142561
10.737004887282994
10.731887890600166
10.759328537800377
10.756650425058675
10.759775542147395
10.754111067467518
10.76219264033272
10.753326082538697
10.758357491604658
10.765641142575408
10.763400357614575
10.769215427946596
10.773648482285537
10.781669660627427
10.783479206995791
10.787310063899447
10.796939769728821
10.799979591484595
10.806522329498344
10.819422687796251
10.829049666506757
10.829118203422587
10.84016297172005
10.836159009599703
10.85339787884538
10.868244966238715
10.880399677695905
10.881081547720784
10.889354898567781
10.8861435505786
10.908712033821125
10.921610466512861
10.933353703204086
10.92846520052359
10.929726348585225
10.935304799081065
10.940468719417954
10.94352832327906
10.95453356614473
10.962128368432436
10.9687780105096
10.964389869387983
10.98062041392962
10.987465900323691
10.99497440250521
11.00916037575263
11.009708029611502
11.01349948015665
11.02102486012088
11.033092322170535
11.027866986389599
11.043740910058323
11.069061137627337
11.069565518074677
11.073153502363223
11.071826479092966
11.077638060414142
11.078736209497672
11.089189470948721
11.095028056161336
11.112314788574029
11.122924468971275
11.116357527112584
11.123888230052911
11.119449149549448
11.137741249971592
11.14927772325824
11.149547081180577
11.153267031237021
11.160345074946974
11.169966499391958
11.166402075131588
11.185590538766046
11.18281542645111
11.18714724256037
11.183219112621844
11.192096552305856
11.200299139439805
11.204187740470921
11.201568466356688
11.199102511693564
11.201185511380194
11.204986885446571
11.217098541457291
11.229603536121056
11.229575987334444
11.225939299154046
11.232556221340753
11.238953678418108
11.246306711976702
11.250056570409306
11.247032825881552
11.243380878221766
11.245308192333008
11.256784373175984
11.256298729690007
11.26053721661814
11.259996427956771
11.262549944848876
11.278168712423701
11.27807282903039
11.272438287017803
11.278892492724404
11.276832076139515
11.28047810473666
11.290470613264066
11.301957652624694
11.30147053536824
11.314492468397757
11.323472959034447
11.333208259507993
11.347513024655726
11.361281282369017
11.368144104666568
11.365069760792784
11.365782674014246
11.376293785488928
11.384427423115948
11.387084803004612
11.380425857530385
11.37244020843872
11.377093648018493
11.387315685753084
11.380263519427611
11.378456696905927
11.381671794203525
11.37823247556258
11.385459506155172
11.380917735784253
11.393456104128845
11.400745577124793
11.410845682502986
11.409260254287556
11.407847233072685
11.409585756535545
11.417954852012116
11.41375970880717
11.415000283663
11.413208233039185
11.415331757617809
11.422906016854684
11.417098458072504
11.425505843922208
11.437162365414538
11.442102451952916
11.449391090469343
11.447345942801727
11.440522399214219
11.444771723130101
11.45267278414869
11.461170264815786
11.462293898350303
11.462917412929277
11.461347739756317
11.469022539736548
11.470140899481855
11.467623263269196
11.459165545804579
11.464905509045959
11.461321088771355
11.468573676891333
11.472069895702202
11.47537807454139
11.475012377508605
11.479676117921155
11.480092347319857
11.47585620228588
11.480892894105004
11.490066288040255
11.49217171204274
11.493298640358333
11.493387201648984
11.506554452918708
11.511097996320183
11.522826594467896
11.533965652194823
11.529093403702106
11.532483650472562
11.537013167777364
11.54846679984063
11.55981894123745
11.565427463133899
11.560283667206802
11.561281180214023
11.557772086687272
11.561634491498907
11.556620449919238
11.562180304369827
11.565634300610903
11.575233764580727
11.573002000183553
11.567314564446933
11.570686283862212
11.57554329448643
11.567927972940954
11.572099487249185
11.57453888668844
11.581692612419115
11.583221256058238
11.580222777237893
11.57492710866319
11.570981154864965
11.571374428667108
11.564984980262587
11.566646735823614
11.57751330664315
11.583278585387006
11.592683458643629
11.587273919749672
11.59011739312327
11.585970444349929
11.585704340406787
11.586949504397682
11.588467595972638
11.596167861952026
11.600260042291051
11.611509160972847
11.611517062377358
11.607615160344595
11.603468564302776
11.606984220321344
11.59983481559175
11.593980066220217
11.60023081815762
11.59845620125433
11.604808756237905
11.607322166306622
11.613331059905947
11.612541310279541
11.606668655733634
11.61339651363515
11.61310897088059
11.613962605909348
11.616875788583275
11.620843025821301
11.623970672466518
11.62248840366239
11.619008243432344
11.616964757130178
11.617124957709082
11.624187192159473
11.62246317171621
11.626464926527413
11.62756985432458
11.629940442579857
11.627951652024061
11.63448787843196
11.62997902879489
11.629993377394811
11.62201530826311
11.628350138773369
11.623599920614279
11.616852611646472
11.621234064540378
11.623521462725076
11.623686202577007
11.618758304862784
11.612691943963398
11.608806420256078
11.620463264072983
11.614762273394287
11.616285189642197
11.615716782612058
11.612687772985474
11.61740607075199
11.623127035776085
11.621706783007792
11.618704322030185
11.619301636266574
11.62023087601485
11.627521964720302
11.640246117996622
11.64250990717842
11.649194391120163
11.655325260921336
11.654699634621123
11.662752042734866
11.65962935109764
11.658155093338527
11.669981812378305
11.671024559909274
11.672822617652415
11.667242885265791
11.663876235039158
11.664538038600153
11.66914387312545
11.67001163708565
11.671389540217396
11.672540415390566
11.6724945720834
11.673554866257003
11.675625049739773
11.688400967754713
11.687381719333791
11.680908911399554
11.685770423414874
11.68349543753783
11.684435567387242
11.678159289428214
11.676471766556023
11.670920907468519
11.680729978132744
11.679242001267975
11.680991856295009
11.677294667816216
11.69078575274308
11.693818503766286
11.70499568852194
11.711040334320677
11.707451250532833
11.721427250221366
11.726543211077795
11.739463813093323
11.742235865987352
11.744539311694734
11.738315329211055
11.732837083342963
11.735661197444026
11.734796610000428
11.736584389850467
11.742283902074028
11.745052135093001
11.743462233136377
11.741545283204069
11.737284700941254
11.741503560412719
11.742976196308362
11.748967330643522
11.749490173806992
11.760228540701437
11.768037346788791
11.758651180288062
11.757627513966751
11.754166864558963
11.758777515680295
11.763048721000148
11.766533872391955
11.766334614952942
11.770119353793223
11.775833951599248
11.775234248189648
11.775035045552958
11.777965989565095
11.785189263814678
11.787122125981107
11.786581540676005
11.785355507139052
11.783834549711488
11.777991344005066
11.777182802725665
11.777423394957982
11.778217115279933
11.788848473912797
11.792639839068924
11.791086173547958
11.789020760899062
11.78784483108884
11.785689755022592
11.786092820434222
11.787557803046013
11.785447366471429
11.783625793938073
11.783594880452537
11.778768190829084
11.777461683507601
11.786506477446421
11.783844866695985
11.78482671154875
11.7846267395958
11.784513475327447
11.794222718867434
11.7960656220713
11.789442347624293
11.790988546160639
11.78984797833617
11.789860984074686
11.798676441095136
11.801625099329533
11.807543835976384
11.808748432003608
11.81734872703526
11.812744806953193
11.816584227394635
11.816176223584627
11.8140561237691
11.81701479823576
11.811108387141847
11.80963846163374
11.814616968801577
11.815064598606753
11.822780805521615
11.828572368049851
11.831137672575744
11.83189381363982
11.831186034056893
11.8366111667418
11.834082786026771
11.837176904207519
11.845212925495375
11.840711515409517
11.84721954701418
11.847583902556641
11.84852496836951
11.857222369276226
11.858621676253454
11.857679635176618
11.85211262033022
11.854551079686887
11.86382938328871
11.860680027425097
11.868814032094754
11.867766431969372
11.863350690842568
11.870856924362036
11.867262494322164
11.870479842192793
11.8690039112703
11.870538489577939
11.867343991354888
